Enh1	295	295	674.144	2.28523	2.28523
Enh2	332	332	1000.44	3.01338	3.01338
Enh5	293	293	240.212	0.819836	0.819836
Enh6	279	279	178.085	0.638296	0.638296
Enh7	294	294	196.116	0.667063	0.667063
Enh8	233	233	326.911	1.40305	1.40305
Enh9	583	583	8255.26	14.16	14.16
Enh10	264	264	703.611	2.66519	2.66519
Enh13	420	420	749.305	1.78406	1.78406
Enh15	287	287	100.843	0.351368	0.351368
Enh17	334	334	6705.52	20.0764	20.0764
Enh18	231	231	167.225	0.723916	0.723916
Enh23	711	711	172.862	0.243125	0.243125
Enh24	205	205	238.973	1.16572	1.16572
Enh25	260	260	895.63	3.44473	3.44473
Enh27	330	330	0	0	0
Enh28	302	302	674.788	2.2344	2.2344
Enh29	212	212	831.065	3.92012	3.92012
Enh31	405	405	8501.56	20.9915	20.9915
Enh32	460	460	8107.47	17.6249	17.6249
Enh33	468	468	4759.96	10.1709	10.1709
Enh34	277	277	337.291	1.21766	1.21766
Enh36	411	411	2385.3	5.80364	5.80364
Enh37	642	642	18064.6	28.1381	28.1381
Enh39	214	214	81.473	0.380715	0.380715
Enh40	700	700	934.706	1.33529	1.33529
Enh42	735	735	4978.12	6.77295	6.77295
Enh43	302	302	1518.78	5.02909	5.02909
Enh45	436	436	2886.53	6.62049	6.62049
Enh46	671	671	1040.43	1.55057	1.55057
Enh47	384	384	1811.4	4.7172	4.7172
Enh48	561	561	499.605	0.890561	0.890561
Enh49	429	429	1289.7	3.00629	3.00629
Enh50	1039	1039	3044.01	2.92975	2.92975
Enh51	450	450	607.926	1.35095	1.35095
Enh52	246	246	40.1754	0.163314	0.163314
Enh53	755	755	8730.81	11.564	11.564
Enh54	329	329	4149.54	12.6126	12.6126
Enh55	449	449	7005.49	15.6024	15.6024
Enh56	470	470	553.136	1.17689	1.17689
Enh58	475	475	5660.86	11.9176	11.9176
Enh59	220	220	1958.11	8.90051	8.90051
Enh60	257	257	371.986	1.44742	1.44742
Enh61	335	335	363.953	1.08643	1.08643
Enh63	335	335	391.852	1.16971	1.16971
Enh64	858	858	1492.77	1.73983	1.73983
Enh65	494	494	666.58	1.34935	1.34935
Enh66	237	237	276.833	1.16807	1.16807
Enh67	403	403	756.253	1.87656	1.87656
Enh68	677	677	5262.94	7.77391	7.77391
Enh69	537	537	11538	21.486	21.486
Enh70	831	831	25751.5	30.9885	30.9885
Enh71	376	376	1245.2	3.3117	3.3117
Enh72	295	295	66.1408	0.224206	0.224206
Enh75	827	827	2770.62	3.35021	3.35021
Enh76	298	298	1751.01	5.87587	5.87587
Enh78	400	400	410.759	1.0269	1.0269
Enh79	532	532	1047.19	1.9684	1.9684
Enh81	608	608	914.414	1.50397	1.50397
Enh84	523	523	3614.94	6.91193	6.91193
Enh85	427	427	3821.39	8.94939	8.94939
Enh86	204	204	1441.46	7.066	7.066
Enh87	238	238	467.112	1.96266	1.96266
Enh89	452	452	1346.67	2.97936	2.97936
Enh90	398	398	2818.47	7.08159	7.08159
Enh91	495	495	317.257	0.640922	0.640922
Enh92	248	248	291.835	1.17675	1.17675
Enh93	275	275	720.458	2.61985	2.61985
Enh95	330	330	3445.54	10.441	10.441
Enh96	251	251	4501.08	17.9326	17.9326
Enh98	271	271	2215.36	8.17475	8.17475
Enh99	540	540	3949.69	7.31424	7.31424
Enh100	269	269	96.6573	0.359321	0.359321
Enh101	506	506	463.479	0.915967	0.915967
Enh102	780	780	4930.06	6.32059	6.32059
Enh103	389	389	1714.52	4.40751	4.40751
Enh104	516	516	7347.84	14.24	14.24
Enh107	501	501	436.364	0.870986	0.870986
Enh109	244	244	645.533	2.64563	2.64563
Enh110	263	263	243.266	0.924965	0.924965
Enh113	392	392	882.566	2.25144	2.25144
Enh114	465	465	1397.7	3.00582	3.00582
Enh115	380	380	1290.71	3.39661	3.39661
Enh116	228	228	1962.55	8.60766	8.60766
Enh117	423	423	5854.52	13.8405	13.8405
Enh118	207	207	71.1391	0.343667	0.343667
Enh119	286	286	291.144	1.01799	1.01799
Enh121	533	533	6428.58	12.0611	12.0611
Enh122	408	408	3576.46	8.76584	8.76584
Enh123	555	555	566.604	1.02091	1.02091
Enh124	455	455	445.269	0.978613	0.978613
Enh125	245	245	0	0	0
Enh126	234	234	46.7699	0.199871	0.199871
Enh127	283	283	220.567	0.779389	0.779389
Enh128	419	419	902.598	2.15417	2.15417
Enh130	293	293	932.607	3.18296	3.18296
Enh131	339	339	1170.37	3.45241	3.45241
Enh134	558	558	4422.17	7.92503	7.92503
Enh136	293	293	837.816	2.85944	2.85944
Enh139	263	263	0	0	0
Enh142	220	220	557.177	2.53262	2.53262
Enh143	518	518	3159.04	6.09853	6.09853
Enh144	445	445	561.376	1.26152	1.26152
Enh146	398	398	3776.02	9.48749	9.48749
Enh148	611	611	15113.9	24.7364	24.7364
Enh149	696	696	1495.2	2.14827	2.14827
Enh150	425	425	411.842	0.96904	0.96904
Enh153	406	406	977.796	2.40836	2.40836
Enh154	617	617	8555.8	13.8668	13.8668
Enh155	284	284	1386.66	4.88259	4.88259
Enh157	384	384	4242.49	11.0481	11.0481
Enh160	267	267	77.0073	0.288417	0.288417
Enh161	219	219	222.203	1.01463	1.01463
Enh162	393	393	4902.02	12.4733	12.4733
Enh163	220	220	1940.72	8.82147	8.82147
Enh164	306	306	209.636	0.685085	0.685085
Enh166	239	239	96.6012	0.404189	0.404189
Enh167	589	589	6886	11.691	11.691
Enh168	590	590	7165.93	12.1457	12.1457
Enh169	508	508	742.422	1.46146	1.46146
Enh170	294	294	907.862	3.08797	3.08797
Enh171	236	236	91.5691	0.388005	0.388005
Enh172	430	430	3177.19	7.3888	7.3888
Enh176	502	502	477.428	0.951051	0.951051
Enh177	405	405	1659.59	4.09776	4.09776
Enh178	263	263	241.172	0.917002	0.917002
Enh180	858	858	9129.53	10.6405	10.6405
Enh181	241	241	858.321	3.5615	3.5615
Enh182	449	449	347.025	0.772884	0.772884
Enh183	278	278	0	0	0
Enh185	632	632	24.5168	0.0387924	0.0387924
Enh187	319	319	169.373	0.530949	0.530949
Enh188	886	886	30052.6	33.9194	33.9194
Enh189	770	770	19942.5	25.8993	25.8993
Enh190	247	247	219.306	0.887879	0.887879
Enh191	266	266	0	0	0
Enh192	369	369	0	0	0
Enh194	600	600	861.457	1.43576	1.43576
Enh195	457	457	2922.39	6.39473	6.39473
Enh196	308	308	1214.28	3.94247	3.94247
Enh197	210	210	2298.95	10.9474	10.9474
Enh198	547	547	1070.43	1.9569	1.9569
Enh200	888	888	12589.3	14.1771	14.1771
Enh201	331	331	204.103	0.616624	0.616624
Enh202	306	306	351.243	1.14785	1.14785
Enh203	292	292	26.9794	0.0923952	0.0923952
Enh204	350	350	347.594	0.993125	0.993125
Enh205	370	370	6394.93	17.2836	17.2836
Enh206	264	264	30.1463	0.114191	0.114191
Enh207	412	412	4682.77	11.366	11.366
Enh208	858	858	8562.06	9.9791	9.9791
Enh209	517	517	313.643	0.60666	0.60666
Enh210	381	381	1798.41	4.72024	4.72024
Enh211	219	219	2172.42	9.91975	9.91975
Enh212	310	310	314.258	1.01373	1.01373
Enh213	203	203	21.1623	0.104248	0.104248
Enh214	256	256	0	0	0
Enh216	260	260	878.681	3.37954	3.37954
Enh217	699	699	2444.3	3.49686	3.49686
Enh219	609	609	14113.8	23.1754	23.1754
Enh220	235	235	6082.28	25.882	25.882
Enh221	256	256	2919.23	11.4032	11.4032
Enh222	476	476	9375.77	19.697	19.697
Enh223	792	792	34190.6	43.1699	43.1699
Enh225	206	206	3818.26	18.5352	18.5352
Enh226	288	288	2290.79	7.95415	7.95415
Enh227	654	654	24188.9	36.9861	36.9861
Enh229	225	225	34.4473	0.153099	0.153099
Enh230	492	492	929.651	1.88953	1.88953
Enh232	495	495	11174.3	22.5744	22.5744
Enh233	1116	1116	36659.3	32.8488	32.8488
Enh235	229	229	111.764	0.488053	0.488053
Enh236	423	423	1436.33	3.39557	3.39557
Enh237	367	367	3159.46	8.60888	8.60888
Enh239	756	756	2389.46	3.16067	3.16067
Enh240	348	348	1054.59	3.03044	3.03044
Enh241	748	748	3915.66	5.23484	5.23484
Enh244	542	542	10624.8	19.6029	19.6029
Enh245	261	261	555.334	2.12772	2.12772
Enh247	312	312	5166.42	16.559	16.559
Enh248	408	408	5870.76	14.3891	14.3891
Enh249	207	207	10336.5	49.9349	49.9349
Enh250	408	408	6928.07	16.9806	16.9806
Enh251	453	453	2477.62	5.46936	5.46936
Enh252	368	368	1660.73	4.51285	4.51285
Enh253	234	234	338.221	1.44539	1.44539
Enh254	562	562	1972.33	3.50948	3.50948
Enh255	204	204	625.111	3.06427	3.06427
Enh256	459	459	1644.27	3.58229	3.58229
Enh257	240	240	1276.84	5.32018	5.32018
Enh258	224	224	1314.16	5.8668	5.8668
Enh259	587	587	4243.83	7.2297	7.2297
Enh266	606	606	3032.43	5.00401	5.00401
Enh267	279	279	559.445	2.00518	2.00518
Enh268	352	352	1391.71	3.95373	3.95373
Enh270	519	519	6527.38	12.5768	12.5768
Enh271	463	463	3158.09	6.82093	6.82093
Enh272	243	243	400.445	1.64792	1.64792
Enh273	528	528	4117.7	7.79867	7.79867
Enh274	897	897	5068.26	5.65024	5.65024
Enh275	375	375	2487.73	6.63394	6.63394
Enh276	490	490	76.0412	0.155186	0.155186
Enh278	243	243	221.161	0.910127	0.910127
Enh280	819	819	8599.68	10.5002	10.5002
Enh282	314	314	139.835	0.445334	0.445334
Enh283	360	360	3974.13	11.0393	11.0393
Enh286	684	684	5904.11	8.63174	8.63174
Enh287	451	451	1758.64	3.89943	3.89943
Enh288	234	234	380.831	1.62748	1.62748
Enh291	792	792	1972.29	2.49026	2.49026
Enh292	243	243	513.793	2.11438	2.11438
Enh293	384	384	16.0297	0.0417441	0.0417441
Enh294	211	211	87.4643	0.414523	0.414523
Enh295	252	252	342.831	1.36044	1.36044
Enh296	397	397	671.788	1.69216	1.69216
Enh297	753	753	4108.98	5.45681	5.45681
Enh298	235	235	4489.6	19.1047	19.1047
Enh299	605	605	31751.3	52.4815	52.4815
Enh300	863	863	21366	24.7578	24.7578
Enh301	248	248	2884.39	11.6306	11.6306
Enh302	313	313	519.466	1.65964	1.65964
Enh303	265	265	809.042	3.05299	3.05299
Enh304	684	684	22228.7	32.4981	32.4981
Enh306	395	395	3177.04	8.04314	8.04314
Enh308	1110	1110	15719.1	14.1614	14.1614
Enh309	857	857	16559.8	19.323	19.323
Enh310	221	221	776.103	3.51178	3.51178
Enh311	530	530	1351.92	2.5508	2.5508
Enh312	263	263	249.731	0.949547	0.949547
Enh313	228	228	811.233	3.55804	3.55804
Enh315	215	215	324.215	1.50797	1.50797
Enh316	468	468	1418.29	3.03053	3.03053
Enh317	276	276	184.87	0.669817	0.669817
Enh318	204	204	722.769	3.54298	3.54298
Enh319	540	540	883.59	1.63628	1.63628
Enh320	473	473	1140.66	2.41154	2.41154
Enh321	511	511	2919.63	5.71356	5.71356
Enh322	291	291	1222.7	4.20171	4.20171
Enh324	281	281	179.022	0.63709	0.63709
Enh327	504	504	588.978	1.16861	1.16861
Enh328	286	286	283.337	0.99069	0.99069
Enh329	289	289	1320.51	4.56923	4.56923
Enh330	556	556	5825.21	10.477	10.477
Enh331	208	208	583.718	2.80634	2.80634
Enh332	338	338	4995.66	14.7801	14.7801
Enh333	324	324	6969.76	21.5116	21.5116
Enh334	713	713	31562.4	44.267	44.267
Enh335	318	318	1524.31	4.79342	4.79342
Enh336	571	571	5335.07	9.34337	9.34337
Enh337	458	458	1093.18	2.38686	2.38686
Enh338	832	832	24064.8	28.924	28.924
Enh339	211	211	1720.78	8.15536	8.15536
Enh340	822	822	19098.3	23.2339	23.2339
Enh342	287	287	127.818	0.44536	0.44536
Enh343	349	349	1905.76	5.46063	5.46063
Enh344	309	309	166.656	0.53934	0.53934
Enh346	351	351	842.57	2.40048	2.40048
Enh347	316	316	1726.06	5.46221	5.46221
Enh348	315	315	3687.28	11.7057	11.7057
Enh350	257	257	2772.23	10.7869	10.7869
Enh351	332	332	2355.76	7.09565	7.09565
Enh352	302	302	9019.65	29.8664	29.8664
Enh353	359	359	9284.74	25.8628	25.8628
Enh355	293	293	1055.62	3.6028	3.6028
Enh356	703	703	4203.44	5.97929	5.97929
Enh357	216	216	808.009	3.74078	3.74078
Enh358	699	699	5679.71	8.12548	8.12548
Enh359	691	691	3147.08	4.55438	4.55438
Enh360	501	501	2719.94	5.42903	5.42903
Enh361	297	297	71.0381	0.239185	0.239185
Enh362	551	551	11342.8	20.5858	20.5858
Enh363	636	636	1485.12	2.33509	2.33509
Enh365	369	369	209.767	0.568474	0.568474
Enh366	456	456	583.486	1.27958	1.27958
Enh367	561	561	1681.01	2.99645	2.99645
Enh368	431	431	251.751	0.58411	0.58411
Enh369	316	316	933.153	2.95301	2.95301
Enh370	718	718	1720.81	2.39667	2.39667
Enh372	230	230	586.932	2.55188	2.55188
Enh374	713	713	13767.6	19.3094	19.3094
Enh375	323	323	131.004	0.405586	0.405586
Enh376	541	541	11639.6	21.5149	21.5149
Enh377	351	351	1577.6	4.49458	4.49458
Enh378	283	283	1154.14	4.07822	4.07822
Enh379	232	232	594.54	2.56267	2.56267
Enh380	285	285	213.507	0.749148	0.749148
Enh381	323	323	298.02	0.922663	0.922663
Enh382	247	247	591.362	2.39418	2.39418
Enh383	231	231	110.4	0.477924	0.477924
Enh387	475	475	515.55	1.08537	1.08537
Enh388	236	236	345.871	1.46556	1.46556
Enh389	685	685	1219.41	1.78016	1.78016
Enh391	447	447	2220.02	4.96649	4.96649
Enh392	248	248	486.824	1.963	1.963
Enh393	295	295	600.017	2.03396	2.03396
Enh394	430	430	4178.95	9.71849	9.71849
Enh395	203	203	508.386	2.50437	2.50437
Enh396	364	364	630.573	1.73234	1.73234
Enh397	241	241	89.4977	0.37136	0.37136
Enh399	309	309	498.777	1.61417	1.61417
Enh401	242	242	120.929	0.499706	0.499706
Enh402	236	236	75.1645	0.318493	0.318493
Enh405	472	472	1717.93	3.63967	3.63967
Enh406	452	452	660.179	1.46057	1.46057
Enh407	224	224	139.556	0.623017	0.623017
Enh408	407	407	845.501	2.0774	2.0774
Enh409	404	404	758.693	1.87795	1.87795
Enh410	529	529	294.936	0.557535	0.557535
Enh411	246	246	794.385	3.22921	3.22921
Enh412	556	556	1577.23	2.83675	2.83675
Enh413	259	259	244.811	0.945216	0.945216
Enh414	429	429	1154.71	2.69162	2.69162
Enh415	279	279	910.634	3.26392	3.26392
Enh416	442	442	4976.02	11.258	11.258
Enh419	207	207	139.615	0.674467	0.674467
Enh420	351	351	2992.94	8.52689	8.52689
Enh421	603	603	3126.48	5.18488	5.18488
Enh422	459	459	638.898	1.39193	1.39193
Enh423	898	898	3528.36	3.92913	3.92913
Enh424	483	483	1381.19	2.85962	2.85962
Enh425	240	240	157.628	0.656783	0.656783
Enh426	240	240	603.112	2.51297	2.51297
Enh427	577	577	20380.7	35.3219	35.3219
Enh429	612	612	1130.47	1.84718	1.84718
Enh430	799	799	3064.88	3.8359	3.8359
Enh431	411	411	3489.14	8.48939	8.48939
Enh433	321	321	4985.44	15.531	15.531
Enh436	237	237	601.892	2.53963	2.53963
Enh437	304	304	5235.02	17.2204	17.2204
Enh438	780	780	8283.31	10.6196	10.6196
Enh439	262	262	1052.95	4.0189	4.0189
Enh440	375	375	228.968	0.610581	0.610581
Enh441	299	299	296.193	0.990613	0.990613
Enh443	343	343	5007.06	14.5978	14.5978
Enh444	265	265	203.875	0.769338	0.769338
Enh446	291	291	52.4978	0.180405	0.180405
Enh447	261	261	2994.92	11.4748	11.4748
Enh448	807	807	6929.48	8.58671	8.58671
Enh449	242	242	2439.71	10.0814	10.0814
Enh450	591	591	12619.4	21.3526	21.3526
Enh451	256	256	298.545	1.16619	1.16619
Enh453	276	276	493.075	1.7865	1.7865
Enh454	230	230	106.441	0.462787	0.462787
Enh456	525	525	5278.88	10.055	10.055
Enh457	265	265	78.658	0.296823	0.296823
Enh458	237	237	680.245	2.87023	2.87023
Enh459	520	520	6122.22	11.7735	11.7735
Enh460	664	664	2802.31	4.22035	4.22035
Enh462	401	401	632.458	1.5772	1.5772
Enh463	209	209	128.876	0.616632	0.616632
Enh464	310	310	0	0	0
Enh465	270	270	2035.43	7.53861	7.53861
Enh466	286	286	467.757	1.63551	1.63551
Enh467	223	223	163.775	0.734419	0.734419
Enh468	453	453	3596.81	7.93998	7.93998
Enh469	408	408	5882.45	14.4178	14.4178
Enh470	222	222	241.547	1.08805	1.08805
Enh471	306	306	16782.4	54.8444	54.8444
Enh473	299	299	10498.4	35.1116	35.1116
Enh475	565	565	27793.8	49.1926	49.1926
Enh476	252	252	486.243	1.92954	1.92954
Enh477	412	412	1637.96	3.97564	3.97564
Enh478	570	570	477.718	0.838102	0.838102
Enh479	259	259	0	0	0
Enh480	363	363	2278.16	6.27592	6.27592
Enh481	306	306	2693.98	8.80385	8.80385
Enh482	494	494	1574.51	3.18726	3.18726
Enh483	430	430	904.723	2.10401	2.10401
Enh485	500	500	1620.34	3.24069	3.24069
Enh486	299	299	71.4358	0.238916	0.238916
Enh487	856	856	7622.04	8.90425	8.90425
Enh488	283	283	194.563	0.687501	0.687501
Enh490	572	572	4045.78	7.07305	7.07305
Enh491	241	241	416.278	1.72729	1.72729
Enh492	939	939	4084.6	4.34995	4.34995
Enh493	300	300	802.502	2.67501	2.67501
Enh494	271	271	484.229	1.78682	1.78682
Enh495	302	302	106.675	0.353229	0.353229
Enh497	269	269	316.039	1.17487	1.17487
Enh498	472	472	1936	4.10169	4.10169
Enh499	509	509	2465.36	4.84354	4.84354
Enh502	265	265	658.886	2.48636	2.48636
Enh503	852	852	10382.2	12.1857	12.1857
Enh504	269	269	301.782	1.12187	1.12187
Enh505	766	766	632.542	0.825772	0.825772
Enh506	595	595	10446.4	17.5569	17.5569
Enh507	495	495	313.653	0.633642	0.633642
Enh508	404	404	2179.49	5.39477	5.39477
Enh509	212	212	385.625	1.81898	1.81898
Enh511	362	362	908.734	2.51031	2.51031
Enh512	221	221	194.661	0.880818	0.880818
Enh513	285	285	694.922	2.43832	2.43832
Enh515	633	633	1248.46	1.9723	1.9723
Enh517	351	351	316.792	0.90254	0.90254
Enh518	228	228	92.8908	0.407416	0.407416
Enh519	262	262	253.1	0.96603	0.96603
Enh520	711	711	4126.56	5.80388	5.80388
Enh521	486	486	808.756	1.66411	1.66411
Enh522	299	299	1949.86	6.52127	6.52127
Enh523	583	583	1735.82	2.9774	2.9774
Enh524	712	712	3167.05	4.4481	4.4481
Enh526	259	259	604.081	2.33236	2.33236
Enh529	755	755	5198.7	6.8857	6.8857
Enh530	223	223	569.371	2.55323	2.55323
Enh531	285	285	81.196	0.284898	0.284898
Enh533	841	841	14047.1	16.7029	16.7029
Enh534	506	506	8078.25	15.9649	15.9649
Enh535	326	326	3206.46	9.83578	9.83578
Enh536	768	768	7590.85	9.88392	9.88392
Enh537	476	476	3661.41	7.69205	7.69205
Enh538	427	427	13983.7	32.7488	32.7488
Enh539	208	208	3258.37	15.6652	15.6652
Enh541	461	461	3494.43	7.58012	7.58012
Enh542	226	226	69.0383	0.305479	0.305479
Enh543	286	286	1343.21	4.69652	4.69652
Enh544	297	297	1115.27	3.75511	3.75511
Enh545	307	307	5139.95	16.7425	16.7425
Enh546	408	408	9185	22.5123	22.5123
Enh547	357	357	2030.83	5.6886	5.6886
Enh548	437	437	39.0621	0.089387	0.089387
Enh549	395	395	347.019	0.878529	0.878529
Enh550	379	379	235.207	0.620598	0.620598
Enh552	372	372	1156.34	3.10845	3.10845
Enh553	341	341	827.258	2.42598	2.42598
Enh554	231	231	233.856	1.01236	1.01236
Enh556	294	294	976.578	3.32169	3.32169
Enh557	384	384	657.655	1.71264	1.71264
Enh558	262	262	1607.49	6.13545	6.13545
Enh559	245	245	1912.16	7.80472	7.80472
Enh560	647	647	3091	4.77743	4.77743
Enh561	779	779	3213.87	4.12564	4.12564
Enh562	339	339	1388.64	4.09629	4.09629
Enh563	243	243	96.9375	0.39892	0.39892
Enh564	503	503	1114.73	2.21616	2.21616
Enh565	254	254	315.464	1.24198	1.24198
Enh566	236	236	0	0	0
Enh567	236	236	241.025	1.02129	1.02129
Enh568	345	345	1617.65	4.68884	4.68884
Enh569	852	852	3506.91	4.1161	4.1161
Enh570	261	261	1091.75	4.18294	4.18294
Enh572	294	294	272.343	0.926338	0.926338
Enh573	579	579	1358.91	2.347	2.347
Enh574	236	236	35.3424	0.149756	0.149756
Enh575	572	572	1306.86	2.28473	2.28473
Enh576	203	203	8640.85	42.5658	42.5658
Enh577	675	675	23238.1	34.4268	34.4268
Enh579	734	734	6124.13	8.3435	8.3435
Enh580	203	203	1972.61	9.71729	9.71729
Enh581	477	477	5738.86	12.0311	12.0311
Enh582	256	256	794.537	3.10366	3.10366
Enh583	562	562	3555.81	6.32706	6.32706
Enh585	654	654	17053.6	26.0759	26.0759
Enh586	487	487	4244.84	8.71629	8.71629
Enh588	1136	1136	9613.76	8.46282	8.46282
Enh589	236	236	126.748	0.537069	0.537069
Enh591	232	232	17.3043	0.0745874	0.0745874
Enh592	348	348	3521.99	10.1207	10.1207
Enh593	343	343	1610.64	4.69575	4.69575
Enh595	284	284	1713.53	6.03355	6.03355
Enh596	220	220	402.805	1.83093	1.83093
Enh597	204	204	0	0	0
Enh600	394	394	524.644	1.33158	1.33158
Enh601	215	215	575.275	2.6757	2.6757
Enh602	316	316	471.901	1.49336	1.49336
Enh603	533	533	2559.62	4.80228	4.80228
Enh604	287	287	897.465	3.12705	3.12705
Enh605	246	246	296.299	1.20447	1.20447
Enh606	463	463	141.342	0.305275	0.305275
Enh607	329	329	466.072	1.41663	1.41663
Enh608	207	207	480.943	2.3234	2.3234
Enh609	508	508	1403.24	2.76229	2.76229
Enh613	362	362	285.262	0.788015	0.788015
Enh614	295	295	8439.7	28.6092	28.6092
Enh615	481	481	8413.59	17.4919	17.4919
Enh616	907	907	16778.9	18.4993	18.4993
Enh617	407	407	3005.16	7.38369	7.38369
Enh618	445	445	8736.58	19.6328	19.6328
Enh620	299	299	3508.13	11.7329	11.7329
Enh621	383	383	1180.09	3.08118	3.08118
Enh623	235	235	288.132	1.22609	1.22609
Enh624	341	341	63.2747	0.185556	0.185556
Enh625	495	495	1438.89	2.90685	2.90685
Enh626	346	346	3166.31	9.15118	9.15118
Enh627	255	255	102.918	0.403599	0.403599
Enh628	304	304	472.859	1.55546	1.55546
Enh629	226	226	52.1442	0.230727	0.230727
Enh630	301	301	50.3879	0.167402	0.167402
Enh631	223	223	30.0944	0.134952	0.134952
Enh632	361	361	2163.67	5.99355	5.99355
Enh634	691	691	19300.6	27.9314	27.9314
Enh635	345	345	1321.75	3.83117	3.83117
Enh636	735	735	3960.43	5.38834	5.38834
Enh637	449	449	1995.5	4.44431	4.44431
Enh638	481	481	353.449	0.734821	0.734821
Enh639	404	404	713.494	1.76607	1.76607
Enh640	879	879	5967.6	6.78907	6.78907
Enh641	273	273	85.3354	0.312584	0.312584
Enh644	473	473	97.0993	0.205284	0.205284
Enh646	407	407	206.003	0.50615	0.50615
Enh647	535	535	4668.52	8.7262	8.7262
Enh648	331	331	417.942	1.26266	1.26266
Enh649	577	577	3182.42	5.51546	5.51546
Enh650	394	394	1072.66	2.72248	2.72248
Enh651	748	748	17825.2	23.8305	23.8305
Enh652	1027	1027	23529.2	22.9106	22.9106
Enh653	262	262	2115.7	8.07517	8.07517
Enh654	298	298	2686.05	9.0136	9.0136
Enh655	483	483	501.465	1.03823	1.03823
Enh657	581	581	3323.84	5.72089	5.72089
Enh660	495	495	513.863	1.03811	1.03811
Enh661	463	463	100.309	0.21665	0.21665
Enh663	204	204	183.177	0.897924	0.897924
Enh664	483	483	796.111	1.64826	1.64826
Enh666	239	239	1344.72	5.62646	5.62646
Enh667	250	250	1302.52	5.21008	5.21008
Enh668	413	413	4280.93	10.3654	10.3654
Enh669	294	294	2246.45	7.64097	7.64097
Enh671	590	590	8266.26	14.0106	14.0106
Enh672	456	456	2304.67	5.0541	5.0541
Enh674	267	267	2379.4	8.9116	8.9116
Enh675	234	234	1643.53	7.02362	7.02362
Enh676	689	689	2600.7	3.7746	3.7746
Enh677	322	322	4565.04	14.1771	14.1771
Enh678	293	293	362.783	1.23817	1.23817
Enh680	370	370	420.612	1.13679	1.13679
Enh681	726	726	13260.8	18.2656	18.2656
Enh682	447	447	2438.35	5.45493	5.45493
Enh683	210	210	200.113	0.952917	0.952917
Enh685	327	327	3335.35	10.1999	10.1999
Enh686	355	355	2421.93	6.82233	6.82233
Enh691	365	365	84.6031	0.231789	0.231789
Enh692	276	276	551.841	1.99942	1.99942
Enh693	202	202	145.828	0.721921	0.721921
Enh695	397	397	423.202	1.066	1.066
Enh698	328	328	983.842	2.99952	2.99952
Enh699	481	481	524.705	1.09086	1.09086
Enh700	282	282	0	0	0
Enh702	594	594	1770.12	2.98	2.98
Enh704	229	229	1046.59	4.57026	4.57026
Enh705	568	568	5268.67	9.27582	9.27582
Enh706	308	308	375.39	1.2188	1.2188
Enh707	713	713	3250.42	4.5588	4.5588
Enh708	298	298	959.11	3.21849	3.21849
Enh709	547	547	328.199	0.599998	0.599998
Enh710	295	295	93.789	0.317929	0.317929
Enh711	274	274	729.733	2.66326	2.66326
Enh712	240	240	926.475	3.86031	3.86031
Enh714	395	395	1875.72	4.74865	4.74865
Enh717	346	346	1170.53	3.38304	3.38304
Enh718	293	293	552.166	1.88453	1.88453
Enh719	449	449	4909.9	10.9352	10.9352
Enh720	231	231	347.032	1.5023	1.5023
Enh721	308	308	3673.51	11.927	11.927
Enh722	462	462	2285.32	4.94659	4.94659
Enh723	326	326	5298.65	16.2535	16.2535
Enh724	203	203	18.4118	0.0906983	0.0906983
Enh725	367	367	1370.19	3.73348	3.73348
Enh727	355	355	685.14	1.92997	1.92997
Enh728	520	520	1190.71	2.28983	2.28983
Enh729	517	517	3984.55	7.70706	7.70706
Enh730	209	209	192.287	0.920036	0.920036
Enh731	277	277	1866.77	6.73926	6.73926
Enh732	299	299	558.657	1.86842	1.86842
Enh733	396	396	2543.93	6.42407	6.42407
Enh734	202	202	2173.95	10.7621	10.7621
Enh736	318	318	832.44	2.61774	2.61774
Enh737	278	278	1433.54	5.1566	5.1566
Enh738	257	257	251.318	0.977891	0.977891
Enh739	225	225	572.944	2.54642	2.54642
Enh741	465	465	3264.03	7.01943	7.01943
Enh743	228	228	7.01784	0.03078	0.03078
Enh744	330	330	562.187	1.7036	1.7036
Enh745	468	468	780.146	1.66698	1.66698
Enh746	441	441	2536.88	5.75256	5.75256
Enh747	320	320	1276.43	3.98885	3.98885
Enh750	281	281	570.176	2.0291	2.0291
Enh751	316	316	529.845	1.67672	1.67672
Enh754	558	558	2580.73	4.62497	4.62497
Enh755	639	639	2566.5	4.01643	4.01643
Enh756	281	281	810.575	2.88461	2.88461
Enh757	307	307	1199.89	3.90843	3.90843
Enh758	468	468	1410.14	3.01313	3.01313
Enh759	471	471	7448.05	15.8133	15.8133
Enh762	368	368	285.669	0.776275	0.776275
Enh763	533	533	2963.96	5.56091	5.56091
Enh765	318	318	1188.36	3.73699	3.73699
Enh766	238	238	144.739	0.608148	0.608148
Enh767	310	310	267.632	0.863328	0.863328
Enh769	392	392	1526.51	3.89416	3.89416
Enh770	342	342	1123.11	3.28393	3.28393
Enh771	442	442	7552.52	17.0871	17.0871
Enh772	358	358	1196.52	3.34223	3.34223
Enh773	346	346	1240.51	3.5853	3.5853
Enh774	506	506	1748.53	3.45559	3.45559
Enh775	247	247	743.906	3.01177	3.01177
Enh776	358	358	0	0	0
Enh777	651	651	2681.31	4.11875	4.11875
Enh778	476	476	2322.7	4.87961	4.87961
Enh779	813	813	6681.94	8.21886	8.21886
Enh780	434	434	2428.48	5.59558	5.59558
Enh782	613	613	14923.1	24.3443	24.3443
Enh785	861	861	9192.45	10.6765	10.6765
Enh789	663	663	18747.9	28.2774	28.2774
Enh792	433	433	2174.26	5.0214	5.0214
Enh793	1014	1014	115.115	0.113526	0.113526
Enh794	404	404	4811.25	11.909	11.909
Enh795	229	229	831.685	3.63181	3.63181
Enh798	270	270	984.362	3.64578	3.64578
Enh799	350	350	1248.41	3.56688	3.56688
Enh800	229	229	451.222	1.9704	1.9704
Enh801	756	756	1678.38	2.22008	2.22008
Enh802	306	306	698.25	2.28186	2.28186
Enh805	522	522	2153.5	4.12548	4.12548
Enh807	648	648	8359.6	12.9006	12.9006
Enh809	234	234	642.901	2.74744	2.74744
Enh810	348	348	1396.07	4.01169	4.01169
Enh811	303	303	1466.73	4.84068	4.84068
Enh812	516	516	3845.46	7.45243	7.45243
Enh813	270	270	86.3748	0.319907	0.319907
Enh814	915	915	7270.96	7.94641	7.94641
Enh817	236	236	14.2613	0.060429	0.060429
Enh818	211	211	178.151	0.844316	0.844316
Enh819	481	481	2206.77	4.58787	4.58787
Enh821	713	713	2438.77	3.42043	3.42043
Enh822	531	531	3687.38	6.94421	6.94421
Enh823	368	368	956.618	2.5995	2.5995
Enh824	424	424	2999.72	7.07482	7.07482
Enh826	326	326	199.778	0.612815	0.612815
Enh829	392	392	649.092	1.65585	1.65585
Enh831	654	654	10081.9	15.4157	15.4157
Enh832	227	227	148.982	0.656309	0.656309
Enh833	325	325	128.654	0.395857	0.395857
Enh834	592	592	2214.65	3.74096	3.74096
Enh835	289	289	231.455	0.800881	0.800881
Enh836	280	280	855.226	3.05438	3.05438
Enh837	545	545	3267.74	5.99585	5.99585
Enh838	1135	1135	6120.89	5.39286	5.39286
Enh842	598	598	10197.3	17.0524	17.0524
Enh845	577	577	1587.87	2.75195	2.75195
Enh846	258	258	56.1108	0.217484	0.217484
Enh847	232	232	0	0	0
Enh848	460	460	3788.46	8.23578	8.23578
Enh849	400	400	4632.39	11.581	11.581
Enh851	500	500	6257.27	12.5145	12.5145
Enh852	761	761	632.35	0.830947	0.830947
Enh853	411	411	37.3772	0.090942	0.090942
Enh854	386	386	2314.58	5.99632	5.99632
Enh855	239	239	6527.73	27.3127	27.3127
Enh856	295	295	4816.52	16.3272	16.3272
Enh858	230	230	460.533	2.00232	2.00232
Enh860	251	251	57.2647	0.228146	0.228146
Enh861	378	378	2701.63	7.14717	7.14717
Enh862	289	289	2510.43	8.68661	8.68661
Enh863	391	391	8931.32	22.8422	22.8422
Enh864	741	741	15190.5	20.5	20.5
Enh866	584	584	3353.44	5.74219	5.74219
Enh867	310	310	1932.34	6.23336	6.23336
Enh869	448	448	944.527	2.10832	2.10832
Enh870	408	408	1370.42	3.35886	3.35886
Enh871	347	347	803.541	2.31568	2.31568
Enh872	254	254	141.501	0.557091	0.557091
Enh874	320	320	976.907	3.05283	3.05283
Enh875	674	674	9415.92	13.9702	13.9702
Enh876	655	655	14509.7	22.1523	22.1523
Enh877	1131	1131	21344	18.8718	18.8718
Enh878	459	459	705.01	1.53597	1.53597
Enh879	387	387	1207.13	3.11919	3.11919
Enh880	277	277	135.678	0.489814	0.489814
Enh882	507	507	570.134	1.12453	1.12453
Enh884	329	329	298.761	0.908088	0.908088
Enh886	227	227	104.837	0.461839	0.461839
Enh887	240	240	70.9378	0.295574	0.295574
Enh888	205	205	149.444	0.728997	0.728997
Enh889	442	442	932.387	2.10947	2.10947
Enh890	253	253	0	0	0
Enh892	283	283	519.307	1.83501	1.83501
Enh893	208	208	177.883	0.855208	0.855208
Enh894	407	407	317.463	0.780008	0.780008
Enh895	423	423	392.437	0.927747	0.927747
Enh896	455	455	1664.3	3.6578	3.6578
Enh897	211	211	51.6063	0.24458	0.24458
Enh898	550	550	3884.31	7.06238	7.06238
Enh899	262	262	8750.82	33.4001	33.4001
Enh900	622	622	20534.9	33.0143	33.0143
Enh901	210	210	4550.13	21.6673	21.6673
Enh903	556	556	1525.4	2.74353	2.74353
Enh906	246	246	381.071	1.54907	1.54907
Enh907	450	450	3416.57	7.59239	7.59239
Enh908	210	210	169.744	0.808306	0.808306
Enh909	276	276	759.285	2.75103	2.75103
Enh910	217	217	86.852	0.40024	0.40024
Enh911	284	284	208.489	0.734117	0.734117
Enh912	324	324	524.891	1.62003	1.62003
Enh913	651	651	7763.13	11.9249	11.9249
Enh916	426	426	3655.93	8.582	8.582
Enh917	501	501	2077.5	4.1467	4.1467
Enh919	505	505	3398.19	6.72908	6.72908
Enh920	229	229	155.492	0.679005	0.679005
Enh922	289	289	646.431	2.23679	2.23679
Enh923	495	495	608.403	1.2291	1.2291
Enh924	315	315	374.891	1.19013	1.19013
Enh925	322	322	0	0	0
Enh926	499	499	12688.2	25.4272	25.4272
Enh927	357	357	3703.13	10.3729	10.3729
Enh929	358	358	3837.34	10.7188	10.7188
Enh932	314	314	1087.97	3.46487	3.46487
Enh933	347	347	2508.96	7.23042	7.23042
Enh936	521	521	4523.74	8.68281	8.68281
Enh937	726	726	4718.09	6.49874	6.49874
Enh938	269	269	115.863	0.430719	0.430719
Enh939	267	267	102.288	0.383103	0.383103
Enh940	386	386	33.1038	0.0857612	0.0857612
Enh941	351	351	617.473	1.75918	1.75918
Enh942	340	340	3001.63	8.82833	8.82833
Enh944	234	234	553.859	2.36692	2.36692
Enh945	204	204	133.92	0.656471	0.656471
Enh946	271	271	565.016	2.08493	2.08493
Enh947	524	524	259.623	0.495464	0.495464
Enh948	210	210	68.2874	0.325178	0.325178
Enh949	262	262	61.1366	0.233346	0.233346
Enh951	535	535	2851.05	5.32906	5.32906
Enh952	534	534	4504.64	8.43565	8.43565
Enh954	298	298	277.003	0.92954	0.92954
Enh955	491	491	2102.5	4.28207	4.28207
Enh956	431	431	8541.24	19.8173	19.8173
Enh957	441	441	18437	41.8072	41.8072
Enh958	652	652	19545.2	29.9772	29.9772
Enh959	247	247	5998.35	24.2848	24.2848
Enh960	243	243	343.399	1.41317	1.41317
Enh963	239	239	6966.35	29.1479	29.1479
Enh965	581	581	204.658	0.352252	0.352252
Enh966	339	339	1438.18	4.24241	4.24241
Enh968	453	453	7007.85	15.4699	15.4699
Enh969	237	237	16.3742	0.0690895	0.0690895
Enh971	378	378	6215.51	16.4431	16.4431
Enh972	256	256	262.069	1.02371	1.02371
Enh973	222	222	457.884	2.06254	2.06254
Enh974	266	266	231.52	0.870375	0.870375
Enh975	247	247	2974.48	12.0424	12.0424
Enh977	388	388	999.215	2.5753	2.5753
Enh978	235	235	384.198	1.63488	1.63488
Enh979	717	717	1062.25	1.48153	1.48153
Enh147	126	126	52.9477	0.42022	0.42022
Enh151	147	147	225.687	1.53528	1.53528
Enh152	170	170	0	0	0
Enh156	154	154	1650.08	10.7148	10.7148
Enh158	161	161	480.532	2.98467	2.98467
Enh159	153	153	52.3527	0.342174	0.342174
Enh165	196	196	134.521	0.686329	0.686329
Enh173	164	164	1271.74	7.7545	7.7545
Enh174	100	100	442.539	4.42539	4.42539
Enh175	189	189	2107.19	11.1491	11.1491
Enh108	180	180	0	0	0
Enh111	104	104	0	0	0
Enh112	194	194	95.05	0.489948	0.489948
Enh120	140	140	493.642	3.52601	3.52601
Enh199	147	147	1753.45	11.9283	11.9283
Enh215	111	111	235.474	2.12139	2.12139
Enh218	197	197	271.704	1.37921	1.37921
Enh224	114	114	2741.12	24.0449	24.0449
Enh228	119	119	5954.11	50.0346	50.0346
Enh231	129	129	2571.39	19.9332	19.9332
Enh234	188	188	176.1	0.936699	0.936699
Enh238	140	140	568.779	4.06271	4.06271
Enh242	152	152	268.531	1.76665	1.76665
Enh243	146	146	76.8451	0.526336	0.526336
Enh246	186	186	328.156	1.76428	1.76428
Enh179	187	187	541.052	2.89332	2.89332
Enh184	178	178	0	0	0
Enh186	152	152	105.752	0.695735	0.695735
Enh193	136	136	76.4499	0.562132	0.562132
Enh281	193	193	272.005	1.40935	1.40935
Enh284	198	198	439.831	2.22137	2.22137
Enh260	87	87	45.0538	0.51786	0.51786
Enh261	151	151	12.7807	0.0846403	0.0846403
Enh262	111	111	153.674	1.38445	1.38445
Enh263	181	181	330.768	1.82745	1.82745
Enh264	105	105	394.721	3.75925	3.75925
Enh265	129	129	1095.46	8.49194	8.49194
Enh269	179	179	698.475	3.9021	3.9021
Enh277	175	175	144.436	0.825348	0.825348
Enh289	140	140	48.7654	0.348324	0.348324
Enh73	176	176	0	0	0
Enh105	112	112	14.7125	0.131361	0.131361
Enh106	147	147	64.0152	0.435477	0.435477
Enh35	123	123	610.543	4.96377	4.96377
Enh44	199	199	705.948	3.54748	3.54748
Enh62	191	191	948.411	4.9655	4.9655
Enh74	133	133	210.563	1.58318	1.58318
Enh77	178	178	139.857	0.785712	0.785712
Enh80	200	200	85.8064	0.429032	0.429032
Enh88	191	191	695.173	3.63965	3.63965
Enh94	169	169	43.8348	0.259378	0.259378
Enh97	191	191	1722.41	9.01785	9.01785
Enh3	170	170	385.184	2.26579	2.26579
Enh4	123	123	299.58	2.43561	2.43561
Enh11	190	190	1248.29	6.56993	6.56993
Enh12	190	190	67.1503	0.353423	0.353423
Enh14	150	150	102.052	0.680349	0.680349
Enh16	168	168	2534.44	15.0859	15.0859
Enh19	160	160	154.19	0.963689	0.963689
Enh20	178	178	142.275	0.799298	0.799298
Enh21	185	185	39.4461	0.213222	0.213222
Enh22	200	200	1568.28	7.84142	7.84142
Enh26	192	192	236.459	1.23156	1.23156
Enh30	176	176	99.1706	0.563469	0.563469
Enh38	174	174	5816.35	33.4273	33.4273
Enh41	139	139	493.372	3.54944	3.54944
Enh57	156	156	351.339	2.25217	2.25217
Enh145	151	151	1920.54	12.7188	12.7188
Enh129	161	161	235.059	1.45999	1.45999
Enh132	137	137	408.841	2.98424	2.98424
Enh133	147	147	181.775	1.23656	1.23656
Enh135	98	98	225.057	2.2965	2.2965
Enh137	117	117	127.119	1.08649	1.08649
Enh138	157	157	16.3606	0.104208	0.104208
Enh140	186	186	98.0945	0.52739	0.52739
Enh141	147	147	178.875	1.21684	1.21684
Enh290	167	167	85.4587	0.511729	0.511729
Enh305	194	194	583.984	3.01023	3.01023
Enh307	153	153	377.947	2.47024	2.47024
Enh314	185	185	226.101	1.22216	1.22216
Enh285	190	190	108.464	0.570865	0.570865
Enh325	189	189	86.8938	0.459756	0.459756
Enh341	109	109	909.749	8.34632	8.34632
Enh345	159	159	80.954	0.509145	0.509145
Enh323	186	186	196.304	1.0554	1.0554
Enh364	181	181	128.844	0.711845	0.711845
Enh371	191	191	0	0	0
Enh373	164	164	48.108	0.293342	0.293342
Enh384	160	160	436.556	2.72848	2.72848
Enh385	177	177	117.608	0.664455	0.664455
Enh386	197	197	106.471	0.540464	0.540464
Enh390	165	165	434.794	2.63512	2.63512
Enh349	192	192	249.259	1.29822	1.29822
Enh354	119	119	2272.85	19.0996	19.0996
Enh417	147	147	4466.52	30.3845	30.3845
Enh398	197	197	27.8441	0.141341	0.141341
Enh400	149	149	89.6129	0.601429	0.601429
Enh403	195	195	0	0	0
Enh404	176	176	671.591	3.81586	3.81586
Enh418	174	174	105.542	0.606562	0.606562
Enh428	96	96	186.675	1.94453	1.94453
Enh432	188	188	201.742	1.0731	1.0731
Enh434	156	156	14.8187	0.0949915	0.0949915
Enh435	191	191	204.62	1.07131	1.07131
Enh442	199	199	131.298	0.659789	0.659789
Enh445	164	164	203.458	1.2406	1.2406
Enh452	199	199	100.978	0.507427	0.507427
Enh455	184	184	608.764	3.3085	3.3085
Enh461	168	168	114.719	0.68285	0.68285
Enh500	145	145	48.5384	0.334748	0.334748
Enh501	195	195	334.636	1.71608	1.71608
Enh472	91	91	4571.33	50.2344	50.2344
Enh474	118	118	9371.68	79.421	79.421
Enh484	178	178	744.406	4.18205	4.18205
Enh489	182	182	2937.42	16.1397	16.1397
Enh496	157	157	36.2814	0.231092	0.231092
Enh551	131	131	16.6955	0.127446	0.127446
Enh555	174	174	613.079	3.52344	3.52344
Enh571	107	107	269.563	2.51928	2.51928
Enh578	146	146	216.252	1.48118	1.48118
Enh584	104	104	85.4844	0.821965	0.821965
Enh587	142	142	1482.26	10.4384	10.4384
Enh510	191	191	10.1993	0.0533996	0.0533996
Enh514	150	150	1033.68	6.89122	6.89122
Enh516	173	173	1.77474	0.0102586	0.0102586
Enh525	198	198	208.268	1.05186	1.05186
Enh532	160	160	36.2999	0.226875	0.226875
Enh540	180	180	294.711	1.63728	1.63728
Enh590	160	160	79.1969	0.49498	0.49498
Enh594	170	170	152.919	0.899525	0.899525
Enh598	185	185	95.2579	0.514907	0.514907
Enh599	195	195	290.064	1.48751	1.48751
Enh610	199	199	122.612	0.616139	0.616139
Enh611	166	166	100.831	0.607417	0.607417
Enh612	170	170	65.5228	0.385428	0.385428
Enh619	184	184	718.274	3.90366	3.90366
Enh622	120	120	298.667	2.4889	2.4889
Enh633	151	151	223.62	1.48093	1.48093
Enh642	146	146	61.6935	0.422558	0.422558
Enh643	95	95	203.875	2.14606	2.14606
Enh645	192	192	107.153	0.558086	0.558086
Enh665	127	127	0	0	0
Enh673	156	156	226.529	1.45211	1.45211
Enh701	170	170	0	0	0
Enh703	141	141	109.188	0.774384	0.774384
Enh656	153	153	367.054	2.39905	2.39905
Enh658	147	147	1124.59	7.6503	7.6503
Enh659	129	129	15.3808	0.119231	0.119231
Enh662	161	161	124.751	0.774854	0.774854
Enh670	196	196	107.627	0.549118	0.549118
Enh684	161	161	70.8547	0.440091	0.440091
Enh694	148	148	66.0988	0.446613	0.446613
Enh696	176	176	0	0	0
Enh697	195	195	190.429	0.976558	0.976558
Enh735	194	194	149.412	0.770164	0.770164
Enh740	195	195	825.394	4.23279	4.23279
Enh715	193	193	71.8321	0.372187	0.372187
Enh726	117	117	79.1532	0.676523	0.676523
Enh716	161	161	629.241	3.90833	3.90833
Enh760	187	187	905.728	4.84347	4.84347
Enh764	181	181	1398.62	7.72721	7.72721
Enh768	186	186	92.6693	0.498222	0.498222
Enh742	166	166	24.0733	0.14502	0.14502
Enh748	191	191	203.619	1.06607	1.06607
Enh749	150	150	182.297	1.21531	1.21531
Enh752	196	196	54.7429	0.2793	0.2793
Enh753	180	180	163.403	0.907792	0.907792
Enh803	150	150	528.551	3.52367	3.52367
Enh804	198	198	405.723	2.04911	2.04911
Enh806	112	112	298.499	2.66517	2.66517
Enh808	107	107	687.932	6.42927	6.42927
Enh815	153	153	500.024	3.26813	3.26813
Enh816	136	136	1279.28	9.40647	9.40647
Enh820	188	188	259.463	1.38012	1.38012
Enh825	192	192	608.715	3.17039	3.17039
Enh827	195	195	669.366	3.43265	3.43265
Enh828	179	179	391.814	2.1889	2.1889
Enh781	187	187	63.642	0.340332	0.340332
Enh783	186	186	115.071	0.618661	0.618661
Enh786	181	181	172.077	0.950703	0.950703
Enh787	140	140	1111.14	7.93669	7.93669
Enh788	113	113	2391.51	21.1638	21.1638
Enh790	133	133	1727.32	12.9873	12.9873
Enh791	152	152	952.764	6.26818	6.26818
Enh857	134	134	170.775	1.27444	1.27444
Enh859	161	161	139.38	0.865714	0.865714
Enh865	171	171	1360.91	7.95856	7.95856
Enh830	156	156	228.624	1.46554	1.46554
Enh841	193	193	1300.56	6.73864	6.73864
Enh843	155	155	136.186	0.878618	0.878618
Enh844	169	169	72.6523	0.429895	0.429895
Enh850	159	159	0	0	0
Enh902	155	155	3596.13	23.2009	23.2009
Enh904	183	183	144.105	0.78746	0.78746
Enh905	161	161	227.497	1.41303	1.41303
Enh868	94	94	1508.43	16.0471	16.0471
Enh873	172	172	39.2419	0.22815	0.22815
Enh881	165	165	0	0	0
Enh883	184	184	279.965	1.52155	1.52155
Enh885	156	156	3.51498	0.0225319	0.0225319
Enh961	185	185	280.724	1.51743	1.51743
Enh962	184	184	70.5667	0.383515	0.383515
Enh964	167	167	75.4707	0.451921	0.451921
Enh967	171	171	177.642	1.03884	1.03884
Enh970	153	153	4468.29	29.2045	29.2045
Enh914	138	138	590.627	4.27991	4.27991
Enh915	196	196	533.541	2.72215	2.72215
Enh928	90	90	21.5945	0.239939	0.239939
Enh930	145	145	8309.45	57.3065	57.3065
Enh931	175	175	8488.1	48.5034	48.5034
Enh934	118	118	485.982	4.11849	4.11849
Enh935	121	121	259.857	2.14758	2.14758
Enh943	162	162	351.367	2.16893	2.16893
Enh950	147	147	18.7648	0.127652	0.127652
Enh976	175	175	737.25	4.21285	4.21285
