Enh1	295	295	1125.71	3.81596	3.81596
Enh2	332	332	1392.34	4.1938	4.1938
Enh5	293	293	1265.03	4.31752	4.31752
Enh6	279	279	209.328	0.75028	0.75028
Enh7	294	294	1039.13	3.53445	3.53445
Enh8	233	233	2028.43	8.7057	8.7057
Enh9	583	583	5106.18	8.75845	8.75845
Enh10	264	264	362.726	1.37396	1.37396
Enh13	420	420	845.373	2.01279	2.01279
Enh15	287	287	156.354	0.544788	0.544788
Enh17	334	334	690.46	2.06725	2.06725
Enh18	231	231	279.612	1.21044	1.21044
Enh23	711	711	270.955	0.381089	0.381089
Enh24	205	205	50.3548	0.245633	0.245633
Enh25	260	260	406.429	1.56319	1.56319
Enh27	330	330	226.146	0.685291	0.685291
Enh28	302	302	1290.04	4.27164	4.27164
Enh29	212	212	1410.64	6.65394	6.65394
Enh31	405	405	686.41	1.69484	1.69484
Enh32	460	460	846.696	1.84064	1.84064
Enh33	468	468	432.635	0.924434	0.924434
Enh34	277	277	194.648	0.702699	0.702699
Enh36	411	411	1380.19	3.35812	3.35812
Enh37	642	642	1156.28	1.80106	1.80106
Enh39	214	214	531.087	2.48172	2.48172
Enh40	700	700	4933.01	7.04716	7.04716
Enh42	735	735	1821.06	2.47763	2.47763
Enh43	302	302	344.209	1.13976	1.13976
Enh45	436	436	1145.15	2.62649	2.62649
Enh46	671	671	7794.03	11.6155	11.6155
Enh47	384	384	340.414	0.886495	0.886495
Enh48	561	561	800.79	1.42743	1.42743
Enh49	429	429	622.736	1.4516	1.4516
Enh50	1039	1039	11196.1	10.7758	10.7758
Enh51	450	450	681.024	1.51339	1.51339
Enh52	246	246	28.4252	0.11555	0.11555
Enh53	755	755	3273.63	4.33594	4.33594
Enh54	329	329	373.703	1.13588	1.13588
Enh55	449	449	1263.09	2.81313	2.81313
Enh56	470	470	500.391	1.06466	1.06466
Enh58	475	475	1391.49	2.92946	2.92946
Enh59	220	220	519.687	2.36222	2.36222
Enh60	257	257	1195.55	4.65193	4.65193
Enh61	335	335	757.557	2.26136	2.26136
Enh63	335	335	617.906	1.8445	1.8445
Enh64	858	858	5014.04	5.84387	5.84387
Enh65	494	494	1694.65	3.43046	3.43046
Enh66	237	237	3139.22	13.2457	13.2457
Enh67	403	403	3487.8	8.6546	8.6546
Enh68	677	677	10072.6	14.8782	14.8782
Enh69	537	537	6211.32	11.5667	11.5667
Enh70	831	831	12982.8	15.6231	15.6231
Enh71	376	376	1250.15	3.32486	3.32486
Enh72	295	295	77.3938	0.262352	0.262352
Enh75	827	827	1941.41	2.34754	2.34754
Enh76	298	298	851.88	2.85866	2.85866
Enh78	400	400	299.815	0.749538	0.749538
Enh79	532	532	4620.52	8.68519	8.68519
Enh81	608	608	1063.01	1.74837	1.74837
Enh84	523	523	9466.46	18.1003	18.1003
Enh85	427	427	6172.91	14.4565	14.4565
Enh86	204	204	4436.83	21.7492	21.7492
Enh87	238	238	2080.18	8.74026	8.74026
Enh89	452	452	2780.94	6.15252	6.15252
Enh90	398	398	4367.99	10.9748	10.9748
Enh91	495	495	608.947	1.2302	1.2302
Enh92	248	248	718.599	2.89758	2.89758
Enh93	275	275	558.947	2.03253	2.03253
Enh95	330	330	275.488	0.834812	0.834812
Enh96	251	251	983.656	3.91895	3.91895
Enh98	271	271	700.891	2.58631	2.58631
Enh99	540	540	4795.82	8.88116	8.88116
Enh100	269	269	214.039	0.795684	0.795684
Enh101	506	506	1405.07	2.77682	2.77682
Enh102	780	780	3377.87	4.33061	4.33061
Enh103	389	389	111.66	0.287045	0.287045
Enh104	516	516	1102.66	2.13693	2.13693
Enh107	501	501	905.201	1.80679	1.80679
Enh109	244	244	554.971	2.27447	2.27447
Enh110	263	263	351.513	1.33655	1.33655
Enh113	392	392	578.151	1.47487	1.47487
Enh114	465	465	874.744	1.88117	1.88117
Enh115	380	380	1014.43	2.66956	2.66956
Enh116	228	228	977.623	4.28782	4.28782
Enh117	423	423	3852.65	9.10791	9.10791
Enh118	207	207	1376.4	6.64926	6.64926
Enh119	286	286	511.793	1.78949	1.78949
Enh121	533	533	1065.56	1.99917	1.99917
Enh122	408	408	1427.39	3.49851	3.49851
Enh123	555	555	5520.1	9.94612	9.94612
Enh124	455	455	399.256	0.877487	0.877487
Enh125	245	245	334.822	1.36662	1.36662
Enh126	234	234	117.881	0.503763	0.503763
Enh127	283	283	582.659	2.05887	2.05887
Enh128	419	419	3983.04	9.50606	9.50606
Enh130	293	293	538.299	1.8372	1.8372
Enh131	339	339	2987.54	8.81281	8.81281
Enh134	558	558	4553.77	8.16089	8.16089
Enh136	293	293	4023.48	13.732	13.732
Enh139	263	263	394.274	1.49914	1.49914
Enh142	220	220	344.088	1.56403	1.56403
Enh143	518	518	3104.24	5.99274	5.99274
Enh144	445	445	1543.03	3.46748	3.46748
Enh146	398	398	412.579	1.03663	1.03663
Enh148	611	611	877.314	1.43587	1.43587
Enh149	696	696	8112.55	11.656	11.656
Enh150	425	425	457.096	1.07552	1.07552
Enh153	406	406	2160.62	5.32173	5.32173
Enh154	617	617	3067.75	4.97204	4.97204
Enh155	284	284	419.109	1.47574	1.47574
Enh157	384	384	473.193	1.23227	1.23227
Enh160	267	267	267.633	1.00237	1.00237
Enh161	219	219	129.004	0.589059	0.589059
Enh162	393	393	1164.45	2.96298	2.96298
Enh163	220	220	729.794	3.31725	3.31725
Enh164	306	306	107.311	0.350688	0.350688
Enh166	239	239	116.57	0.487742	0.487742
Enh167	589	589	1799.96	3.05596	3.05596
Enh168	590	590	1736.17	2.94267	2.94267
Enh169	508	508	5620.37	11.0637	11.0637
Enh170	294	294	256.982	0.87409	0.87409
Enh171	236	236	337.238	1.42898	1.42898
Enh172	430	430	875.406	2.03583	2.03583
Enh176	502	502	2325.09	4.63165	4.63165
Enh177	405	405	1059.64	2.6164	2.6164
Enh178	263	263	261.764	0.995301	0.995301
Enh180	858	858	9732.63	11.3434	11.3434
Enh181	241	241	1230.88	5.10739	5.10739
Enh182	449	449	3226.76	7.18655	7.18655
Enh183	278	278	1920.24	6.90734	6.90734
Enh185	632	632	1009.37	1.59711	1.59711
Enh187	319	319	669.856	2.09986	2.09986
Enh188	886	886	1198.04	1.35219	1.35219
Enh189	770	770	4221.09	5.48194	5.48194
Enh190	247	247	167.246	0.677108	0.677108
Enh191	266	266	430.12	1.61699	1.61699
Enh192	369	369	3593.34	9.73804	9.73804
Enh194	600	600	5251.76	8.75294	8.75294
Enh195	457	457	1459.41	3.19345	3.19345
Enh196	308	308	351.524	1.14131	1.14131
Enh197	210	210	234.122	1.11487	1.11487
Enh198	547	547	5442.92	9.95049	9.95049
Enh200	888	888	1823.96	2.05401	2.05401
Enh201	331	331	368.813	1.11424	1.11424
Enh202	306	306	462.774	1.51233	1.51233
Enh203	292	292	228.955	0.784092	0.784092
Enh204	350	350	327.674	0.936213	0.936213
Enh205	370	370	3196.75	8.63987	8.63987
Enh206	264	264	1129.28	4.27756	4.27756
Enh207	412	412	640.543	1.55471	1.55471
Enh208	858	858	8100.73	9.44141	9.44141
Enh209	517	517	442.78	0.856442	0.856442
Enh210	381	381	271.453	0.712474	0.712474
Enh211	219	219	547.263	2.49892	2.49892
Enh212	310	310	517.908	1.67067	1.67067
Enh213	203	203	89.9432	0.44307	0.44307
Enh214	256	256	158.499	0.619136	0.619136
Enh216	260	260	427.884	1.64571	1.64571
Enh217	699	699	2383	3.40916	3.40916
Enh219	609	609	1069.71	1.7565	1.7565
Enh220	235	235	618.528	2.63204	2.63204
Enh221	256	256	502.88	1.96438	1.96438
Enh222	476	476	1039.52	2.18387	2.18387
Enh223	792	792	9577.25	12.0925	12.0925
Enh225	206	206	514.66	2.49835	2.49835
Enh226	288	288	523.286	1.81697	1.81697
Enh227	654	654	1135.21	1.7358	1.7358
Enh229	225	225	38.2642	0.170063	0.170063
Enh230	492	492	4937.1	10.0348	10.0348
Enh232	495	495	3746.29	7.56826	7.56826
Enh233	1116	1116	1613.99	1.44623	1.44623
Enh235	229	229	44.3981	0.193878	0.193878
Enh236	423	423	297.581	0.703501	0.703501
Enh237	367	367	582.885	1.58824	1.58824
Enh239	756	756	7151.95	9.46025	9.46025
Enh240	348	348	9560.55	27.4729	27.4729
Enh241	748	748	8253.65	11.0343	11.0343
Enh244	542	542	1216.64	2.24473	2.24473
Enh245	261	261	1119.02	4.28744	4.28744
Enh247	312	312	685.189	2.19612	2.19612
Enh248	408	408	580.17	1.42198	1.42198
Enh249	207	207	1372.11	6.62855	6.62855
Enh250	408	408	1720.69	4.21738	4.21738
Enh251	453	453	1185.9	2.61789	2.61789
Enh252	368	368	761.584	2.06952	2.06952
Enh253	234	234	95.5349	0.408269	0.408269
Enh254	562	562	1629.91	2.90019	2.90019
Enh255	204	204	652.43	3.19818	3.19818
Enh256	459	459	1285.8	2.8013	2.8013
Enh257	240	240	371.987	1.54994	1.54994
Enh258	224	224	929.03	4.14746	4.14746
Enh259	587	587	4073.96	6.94031	6.94031
Enh266	606	606	1730.32	2.85532	2.85532
Enh267	279	279	384.938	1.37971	1.37971
Enh268	352	352	878.783	2.49654	2.49654
Enh270	519	519	2179.3	4.19903	4.19903
Enh271	463	463	491.715	1.06202	1.06202
Enh272	243	243	437.154	1.79899	1.79899
Enh273	528	528	3456	6.54546	6.54546
Enh274	897	897	1247.34	1.39057	1.39057
Enh275	375	375	599.77	1.59939	1.59939
Enh276	490	490	569.748	1.16275	1.16275
Enh278	243	243	288.433	1.18697	1.18697
Enh280	819	819	8101.9	9.89242	9.89242
Enh282	314	314	4313.27	13.7365	13.7365
Enh283	360	360	4233.42	11.7595	11.7595
Enh286	684	684	11020.8	16.1123	16.1123
Enh287	451	451	2413.56	5.35157	5.35157
Enh288	234	234	2194.15	9.37671	9.37671
Enh291	792	792	1764.32	2.22768	2.22768
Enh292	243	243	287.057	1.18131	1.18131
Enh293	384	384	0	0	0
Enh294	211	211	587.518	2.78445	2.78445
Enh295	252	252	3559.48	14.1249	14.1249
Enh296	397	397	988.694	2.49041	2.49041
Enh297	753	753	6225.16	8.26715	8.26715
Enh298	235	235	491.402	2.09107	2.09107
Enh299	605	605	1956.3	3.23356	3.23356
Enh300	863	863	1264.89	1.46569	1.46569
Enh301	248	248	289.466	1.1672	1.1672
Enh302	313	313	339.131	1.08348	1.08348
Enh303	265	265	442.708	1.6706	1.6706
Enh304	684	684	1729.02	2.52781	2.52781
Enh306	395	395	1656.24	4.193	4.193
Enh308	1110	1110	7908.59	7.12485	7.12485
Enh309	857	857	1240.56	1.44756	1.44756
Enh310	221	221	701.616	3.17473	3.17473
Enh311	530	530	632.432	1.19327	1.19327
Enh312	263	263	407.302	1.54868	1.54868
Enh313	228	228	312.436	1.37033	1.37033
Enh315	215	215	380.786	1.7711	1.7711
Enh316	468	468	1829.75	3.90972	3.90972
Enh317	276	276	64.2162	0.232668	0.232668
Enh318	204	204	1227.98	6.01949	6.01949
Enh319	540	540	7195.86	13.3257	13.3257
Enh320	473	473	3091.52	6.53599	6.53599
Enh321	511	511	3731.86	7.30305	7.30305
Enh322	291	291	276.256	0.949333	0.949333
Enh324	281	281	76.771	0.273206	0.273206
Enh327	504	504	588.867	1.16839	1.16839
Enh328	286	286	360.48	1.26042	1.26042
Enh329	289	289	200.985	0.695449	0.695449
Enh330	556	556	894.402	1.60864	1.60864
Enh331	208	208	221.374	1.0643	1.0643
Enh332	338	338	888.111	2.62755	2.62755
Enh333	324	324	797.901	2.46266	2.46266
Enh334	713	713	2231.7	3.13001	3.13001
Enh335	318	318	699.45	2.19953	2.19953
Enh336	571	571	5027.16	8.80413	8.80413
Enh337	458	458	756.654	1.65208	1.65208
Enh338	832	832	2589.82	3.11277	3.11277
Enh339	211	211	304.501	1.44313	1.44313
Enh340	822	822	6258.88	7.61421	7.61421
Enh342	287	287	0	0	0
Enh343	349	349	819.919	2.34934	2.34934
Enh344	309	309	257.392	0.832985	0.832985
Enh346	351	351	532.705	1.51768	1.51768
Enh347	316	316	1096.19	3.46896	3.46896
Enh348	315	315	1043.46	3.31257	3.31257
Enh350	257	257	412.105	1.60352	1.60352
Enh351	332	332	708.09	2.1328	2.1328
Enh352	302	302	809.093	2.67912	2.67912
Enh353	359	359	767.679	2.13838	2.13838
Enh355	293	293	814.367	2.77941	2.77941
Enh356	703	703	7163.79	10.1903	10.1903
Enh357	216	216	1761.48	8.155	8.155
Enh358	699	699	2691.61	3.85065	3.85065
Enh359	691	691	5666.78	8.20085	8.20085
Enh360	501	501	3282.73	6.55235	6.55235
Enh361	297	297	551.198	1.85589	1.85589
Enh362	551	551	4079.96	7.40464	7.40464
Enh363	636	636	255.226	0.401299	0.401299
Enh365	369	369	233.384	0.632476	0.632476
Enh366	456	456	2649.66	5.81066	5.81066
Enh367	561	561	701.649	1.25071	1.25071
Enh368	431	431	4076.18	9.4575	9.4575
Enh369	316	316	679.954	2.15175	2.15175
Enh370	718	718	9437.25	13.1438	13.1438
Enh372	230	230	266.909	1.16048	1.16048
Enh374	713	713	1958.12	2.74631	2.74631
Enh375	323	323	280.328	0.867888	0.867888
Enh376	541	541	830.716	1.53552	1.53552
Enh377	351	351	431.451	1.2292	1.2292
Enh378	283	283	406.143	1.43514	1.43514
Enh379	232	232	784.059	3.37957	3.37957
Enh380	285	285	83.86	0.294246	0.294246
Enh381	323	323	368.494	1.14085	1.14085
Enh382	247	247	1483.05	6.00425	6.00425
Enh383	231	231	416.687	1.80384	1.80384
Enh387	475	475	535.406	1.12717	1.12717
Enh388	236	236	252.913	1.07167	1.07167
Enh389	685	685	3477.33	5.0764	5.0764
Enh391	447	447	385.035	0.861376	0.861376
Enh392	248	248	1200.81	4.84199	4.84199
Enh393	295	295	560.996	1.90168	1.90168
Enh394	430	430	7465.74	17.3622	17.3622
Enh395	203	203	2109.64	10.3923	10.3923
Enh396	364	364	944.899	2.59588	2.59588
Enh397	241	241	57.4497	0.238381	0.238381
Enh399	309	309	499.289	1.61582	1.61582
Enh401	242	242	321.163	1.32712	1.32712
Enh402	236	236	514.647	2.18071	2.18071
Enh405	472	472	3586.18	7.59783	7.59783
Enh406	452	452	1050.86	2.3249	2.3249
Enh407	224	224	298.892	1.33434	1.33434
Enh408	407	407	608.068	1.49402	1.49402
Enh409	404	404	2702.65	6.68972	6.68972
Enh410	529	529	360.52	0.681512	0.681512
Enh411	246	246	154.77	0.629146	0.629146
Enh412	556	556	1716.66	3.08751	3.08751
Enh413	259	259	496.72	1.91784	1.91784
Enh414	429	429	3845.33	8.96348	8.96348
Enh415	279	279	750	2.68817	2.68817
Enh416	442	442	843.3	1.90792	1.90792
Enh419	207	207	126.547	0.611339	0.611339
Enh420	351	351	899.597	2.56296	2.56296
Enh421	603	603	2027.8	3.36286	3.36286
Enh422	459	459	4657.8	10.1477	10.1477
Enh423	898	898	9278.55	10.3325	10.3325
Enh424	483	483	873.95	1.80942	1.80942
Enh425	240	240	582.926	2.42886	2.42886
Enh426	240	240	604.984	2.52077	2.52077
Enh427	577	577	1143.88	1.98247	1.98247
Enh429	612	612	4784.73	7.81819	7.81819
Enh430	799	799	9919.62	12.415	12.415
Enh431	411	411	445.984	1.08512	1.08512
Enh433	321	321	397.354	1.23786	1.23786
Enh436	237	237	1343.79	5.67	5.67
Enh437	304	304	6052.11	19.9083	19.9083
Enh438	780	780	8262.55	10.593	10.593
Enh439	262	262	652.127	2.48903	2.48903
Enh440	375	375	4618.2	12.3152	12.3152
Enh441	299	299	204.086	0.682561	0.682561
Enh443	343	343	687.403	2.00409	2.00409
Enh444	265	265	478.31	1.80494	1.80494
Enh446	291	291	326.648	1.1225	1.1225
Enh447	261	261	695.151	2.66341	2.66341
Enh448	807	807	2629	3.25775	3.25775
Enh449	242	242	435.31	1.7988	1.7988
Enh450	591	591	1381.41	2.33741	2.33741
Enh451	256	256	351.629	1.37355	1.37355
Enh453	276	276	543.73	1.97004	1.97004
Enh454	230	230	298.811	1.29918	1.29918
Enh456	525	525	4184.15	7.96982	7.96982
Enh457	265	265	662.605	2.5004	2.5004
Enh458	237	237	399.943	1.68752	1.68752
Enh459	520	520	588.9	1.1325	1.1325
Enh460	664	664	5186.2	7.81054	7.81054
Enh462	401	401	3594.63	8.96416	8.96416
Enh463	209	209	605.385	2.89658	2.89658
Enh464	310	310	87.4714	0.282166	0.282166
Enh465	270	270	904.501	3.35	3.35
Enh466	286	286	835.552	2.92151	2.92151
Enh467	223	223	384.866	1.72585	1.72585
Enh468	453	453	2900.64	6.40317	6.40317
Enh469	408	408	691.119	1.69392	1.69392
Enh470	222	222	777.054	3.50024	3.50024
Enh471	306	306	656.05	2.14395	2.14395
Enh473	299	299	978.931	3.27402	3.27402
Enh475	565	565	1178.01	2.08498	2.08498
Enh476	252	252	235.334	0.933864	0.933864
Enh477	412	412	4122.32	10.0056	10.0056
Enh478	570	570	1248.39	2.19015	2.19015
Enh479	259	259	1130.86	4.36624	4.36624
Enh480	363	363	3039.88	8.37432	8.37432
Enh481	306	306	933.68	3.05124	3.05124
Enh482	494	494	4688.07	9.49003	9.49003
Enh483	430	430	8780.05	20.4187	20.4187
Enh485	500	500	949.476	1.89895	1.89895
Enh486	299	299	124.025	0.414798	0.414798
Enh487	856	856	1300.99	1.51985	1.51985
Enh488	283	283	459.098	1.62225	1.62225
Enh490	572	572	2406.16	4.20657	4.20657
Enh491	241	241	418.751	1.73756	1.73756
Enh492	939	939	9018.56	9.60443	9.60443
Enh493	300	300	2048.6	6.82868	6.82868
Enh494	271	271	723.609	2.67014	2.67014
Enh495	302	302	708.853	2.3472	2.3472
Enh497	269	269	154.552	0.574543	0.574543
Enh498	472	472	1237.89	2.62265	2.62265
Enh499	509	509	3464.44	6.80637	6.80637
Enh502	265	265	1413.98	5.33578	5.33578
Enh503	852	852	12565.1	14.7478	14.7478
Enh504	269	269	461.694	1.71633	1.71633
Enh505	766	766	10373.1	13.5418	13.5418
Enh506	595	595	1230.6	2.06823	2.06823
Enh507	495	495	164.409	0.33214	0.33214
Enh508	404	404	711.574	1.76132	1.76132
Enh509	212	212	1682.3	7.93538	7.93538
Enh511	362	362	8076.04	22.3095	22.3095
Enh512	221	221	2016.75	9.12557	9.12557
Enh513	285	285	1415.66	4.96722	4.96722
Enh515	633	633	1128.1	1.78214	1.78214
Enh517	351	351	350.812	0.999465	0.999465
Enh518	228	228	433.131	1.8997	1.8997
Enh519	262	262	1467.22	5.60007	5.60007
Enh520	711	711	14845.4	20.8796	20.8796
Enh521	486	486	908.839	1.87004	1.87004
Enh522	299	299	8935.43	29.8844	29.8844
Enh523	583	583	4845.81	8.31186	8.31186
Enh524	712	712	7542.72	10.5937	10.5937
Enh526	259	259	386.476	1.49219	1.49219
Enh529	755	755	1280.98	1.69666	1.69666
Enh530	223	223	539.385	2.41877	2.41877
Enh531	285	285	80.4746	0.282367	0.282367
Enh533	841	841	6342.91	7.54211	7.54211
Enh534	506	506	1461.26	2.88786	2.88786
Enh535	326	326	102.298	0.313799	0.313799
Enh536	768	768	5016.19	6.5315	6.5315
Enh537	476	476	2273.45	4.77616	4.77616
Enh538	427	427	2718.45	6.36638	6.36638
Enh539	208	208	701.081	3.37058	3.37058
Enh541	461	461	2114.11	4.58592	4.58592
Enh542	226	226	146.582	0.648592	0.648592
Enh543	286	286	1058.28	3.70026	3.70026
Enh544	297	297	964.842	3.24863	3.24863
Enh545	307	307	259.068	0.843868	0.843868
Enh546	408	408	2172.17	5.32395	5.32395
Enh547	357	357	110.341	0.309078	0.309078
Enh548	437	437	457.362	1.0466	1.0466
Enh549	395	395	980.94	2.48339	2.48339
Enh550	379	379	2973.53	7.84574	7.84574
Enh552	372	372	526.475	1.41525	1.41525
Enh553	341	341	416.111	1.22027	1.22027
Enh554	231	231	119.065	0.515431	0.515431
Enh556	294	294	1599.87	5.44174	5.44174
Enh557	384	384	887.634	2.31155	2.31155
Enh558	262	262	1248.85	4.76659	4.76659
Enh559	245	245	1040.6	4.24734	4.24734
Enh560	647	647	1934.39	2.98978	2.98978
Enh561	779	779	18056.1	23.1785	23.1785
Enh562	339	339	262.747	0.775066	0.775066
Enh563	243	243	400.814	1.64944	1.64944
Enh564	503	503	4171.7	8.29364	8.29364
Enh565	254	254	1374.04	5.40959	5.40959
Enh566	236	236	109.443	0.463741	0.463741
Enh567	236	236	507.048	2.14851	2.14851
Enh568	345	345	1409.07	4.08427	4.08427
Enh569	852	852	2122.46	2.49115	2.49115
Enh570	261	261	427.711	1.63874	1.63874
Enh572	294	294	259.139	0.881426	0.881426
Enh573	579	579	828.828	1.43148	1.43148
Enh574	236	236	840.045	3.55951	3.55951
Enh575	572	572	9208.93	16.0995	16.0995
Enh576	203	203	5269.7	25.9591	25.9591
Enh577	675	675	10088.6	14.9461	14.9461
Enh579	734	734	5539.48	7.54697	7.54697
Enh580	203	203	280.607	1.3823	1.3823
Enh581	477	477	555.23	1.164	1.164
Enh582	256	256	286.808	1.12034	1.12034
Enh583	562	562	2356.28	4.19267	4.19267
Enh585	654	654	7831.02	11.974	11.974
Enh586	487	487	477.247	0.979974	0.979974
Enh588	1136	1136	3428.03	3.01763	3.01763
Enh589	236	236	158.521	0.671699	0.671699
Enh591	232	232	789.891	3.4047	3.4047
Enh592	348	348	2831.81	8.13739	8.13739
Enh593	343	343	1183.26	3.44975	3.44975
Enh595	284	284	954.932	3.36244	3.36244
Enh596	220	220	387.846	1.76294	1.76294
Enh597	204	204	36.902	0.180892	0.180892
Enh600	394	394	160.915	0.408414	0.408414
Enh601	215	215	2914.29	13.5548	13.5548
Enh602	316	316	4776.81	15.1165	15.1165
Enh603	533	533	2354.88	4.41816	4.41816
Enh604	287	287	5632.88	19.6268	19.6268
Enh605	246	246	3608.91	14.6704	14.6704
Enh606	463	463	226.364	0.488906	0.488906
Enh607	329	329	470.994	1.43159	1.43159
Enh608	207	207	620.135	2.99582	2.99582
Enh609	508	508	3438.27	6.76826	6.76826
Enh613	362	362	635.403	1.75526	1.75526
Enh614	295	295	3239.99	10.983	10.983
Enh615	481	481	1878.59	3.90559	3.90559
Enh616	907	907	3602.24	3.9716	3.9716
Enh617	407	407	235.566	0.578786	0.578786
Enh618	445	445	650.271	1.46128	1.46128
Enh620	299	299	377.023	1.26095	1.26095
Enh621	383	383	4921	12.8486	12.8486
Enh623	235	235	0	0	0
Enh624	341	341	412.925	1.21092	1.21092
Enh625	495	495	1434.32	2.89761	2.89761
Enh626	346	346	441.41	1.27575	1.27575
Enh627	255	255	1152.73	4.52049	4.52049
Enh628	304	304	171.929	0.565556	0.565556
Enh629	226	226	168.713	0.746518	0.746518
Enh630	301	301	718.437	2.38683	2.38683
Enh631	223	223	251.38	1.12726	1.12726
Enh632	361	361	367.51	1.01803	1.01803
Enh634	691	691	5054.04	7.3141	7.3141
Enh635	345	345	506.148	1.46709	1.46709
Enh636	735	735	9124.63	12.4145	12.4145
Enh637	449	449	3339.3	7.4372	7.4372
Enh638	481	481	1099.22	2.28529	2.28529
Enh639	404	404	424.27	1.05017	1.05017
Enh640	879	879	14915.9	16.9691	16.9691
Enh641	273	273	252.403	0.924552	0.924552
Enh644	473	473	1623.28	3.43189	3.43189
Enh646	407	407	306.599	0.753316	0.753316
Enh647	535	535	792.1	1.48056	1.48056
Enh648	331	331	2907.1	8.78279	8.78279
Enh649	577	577	2646.89	4.58733	4.58733
Enh650	394	394	427.506	1.08504	1.08504
Enh651	748	748	5088.26	6.80249	6.80249
Enh652	1027	1027	3639.82	3.54412	3.54412
Enh653	262	262	3827.76	14.6098	14.6098
Enh654	298	298	2422.11	8.12788	8.12788
Enh655	483	483	539.43	1.11683	1.11683
Enh657	581	581	9197.24	15.83	15.83
Enh660	495	495	2804.42	5.6655	5.6655
Enh661	463	463	2043.74	4.41413	4.41413
Enh663	204	204	197.206	0.966698	0.966698
Enh664	483	483	3680.89	7.62089	7.62089
Enh666	239	239	398.305	1.66655	1.66655
Enh667	250	250	180.439	0.721756	0.721756
Enh668	413	413	711.142	1.72189	1.72189
Enh669	294	294	427.426	1.45383	1.45383
Enh671	590	590	909.858	1.54213	1.54213
Enh672	456	456	7596.12	16.6582	16.6582
Enh674	267	267	469.606	1.75882	1.75882
Enh675	234	234	437.7	1.87051	1.87051
Enh676	689	689	7987.65	11.5931	11.5931
Enh677	322	322	6135.43	19.0541	19.0541
Enh678	293	293	2061.87	7.03709	7.03709
Enh680	370	370	666.232	1.80063	1.80063
Enh681	726	726	6321.83	8.70775	8.70775
Enh682	447	447	521.192	1.16598	1.16598
Enh683	210	210	196.685	0.936597	0.936597
Enh685	327	327	372.34	1.13865	1.13865
Enh686	355	355	413.519	1.16484	1.16484
Enh691	365	365	254.789	0.698052	0.698052
Enh692	276	276	273.388	0.990537	0.990537
Enh693	202	202	968.872	4.79639	4.79639
Enh695	397	397	997.135	2.51167	2.51167
Enh698	328	328	428.108	1.30521	1.30521
Enh699	481	481	1868.69	3.88501	3.88501
Enh700	282	282	264.872	0.939262	0.939262
Enh702	594	594	2947.95	4.96287	4.96287
Enh704	229	229	464.924	2.03024	2.03024
Enh705	568	568	1237.65	2.17896	2.17896
Enh706	308	308	106.555	0.345957	0.345957
Enh707	713	713	5225.94	7.32951	7.32951
Enh708	298	298	280.176	0.940187	0.940187
Enh709	547	547	2191.88	4.0071	4.0071
Enh710	295	295	148.562	0.5036	0.5036
Enh711	274	274	751.927	2.74426	2.74426
Enh712	240	240	548.377	2.28491	2.28491
Enh714	395	395	628.805	1.59191	1.59191
Enh717	346	346	626.322	1.81018	1.81018
Enh718	293	293	830.145	2.83326	2.83326
Enh719	449	449	2268.01	5.05125	5.05125
Enh720	231	231	162.979	0.705536	0.705536
Enh721	308	308	741.421	2.40721	2.40721
Enh722	462	462	2279.9	4.93485	4.93485
Enh723	326	326	616.568	1.89131	1.89131
Enh724	203	203	328.819	1.6198	1.6198
Enh725	367	367	3656.62	9.96354	9.96354
Enh727	355	355	5748.19	16.1921	16.1921
Enh728	520	520	7807.35	15.0141	15.0141
Enh729	517	517	1746.88	3.37888	3.37888
Enh730	209	209	293.777	1.40563	1.40563
Enh731	277	277	416.757	1.50454	1.50454
Enh732	299	299	452.007	1.51173	1.51173
Enh733	396	396	430.88	1.08808	1.08808
Enh734	202	202	259.555	1.28492	1.28492
Enh736	318	318	184.357	0.57974	0.57974
Enh737	278	278	277.366	0.997719	0.997719
Enh738	257	257	124.523	0.484524	0.484524
Enh739	225	225	137.154	0.609572	0.609572
Enh741	465	465	2069.08	4.44963	4.44963
Enh743	228	228	446.402	1.9579	1.9579
Enh744	330	330	876.653	2.65653	2.65653
Enh745	468	468	198.333	0.423788	0.423788
Enh746	441	441	701.815	1.59142	1.59142
Enh747	320	320	535.533	1.67354	1.67354
Enh750	281	281	425.375	1.51379	1.51379
Enh751	316	316	1513.19	4.78857	4.78857
Enh754	558	558	5833.58	10.4545	10.4545
Enh755	639	639	6427	10.0579	10.0579
Enh756	281	281	264.474	0.941189	0.941189
Enh757	307	307	288.267	0.93898	0.93898
Enh758	468	468	869.56	1.85804	1.85804
Enh759	471	471	1389.82	2.95079	2.95079
Enh762	368	368	45.7167	0.12423	0.12423
Enh763	533	533	1410.08	2.64555	2.64555
Enh765	318	318	659.369	2.07349	2.07349
Enh766	238	238	361.814	1.52023	1.52023
Enh767	310	310	592.776	1.91218	1.91218
Enh769	392	392	1090.63	2.78223	2.78223
Enh770	342	342	747.344	2.18522	2.18522
Enh771	442	442	909.014	2.05659	2.05659
Enh772	358	358	781.809	2.18382	2.18382
Enh773	346	346	476.161	1.37619	1.37619
Enh774	506	506	883.207	1.74547	1.74547
Enh775	247	247	195.934	0.793256	0.793256
Enh776	358	358	481.209	1.34416	1.34416
Enh777	651	651	1143.74	1.7569	1.7569
Enh778	476	476	4829.95	10.147	10.147
Enh779	813	813	11531	14.1832	14.1832
Enh780	434	434	559.917	1.29013	1.29013
Enh782	613	613	2012.05	3.2823	3.2823
Enh785	861	861	10639.8	12.3575	12.3575
Enh789	663	663	8609.46	12.9856	12.9856
Enh792	433	433	799.631	1.84672	1.84672
Enh793	1014	1014	3703	3.65187	3.65187
Enh794	404	404	2269.5	5.61758	5.61758
Enh795	229	229	147.076	0.642255	0.642255
Enh798	270	270	807.353	2.99019	2.99019
Enh799	350	350	1371.64	3.91898	3.91898
Enh800	229	229	1194.25	5.21508	5.21508
Enh801	756	756	4388.87	5.80538	5.80538
Enh802	306	306	2356.93	7.70239	7.70239
Enh805	522	522	3032.21	5.80883	5.80883
Enh807	648	648	15956.6	24.6243	24.6243
Enh809	234	234	1974.68	8.43879	8.43879
Enh810	348	348	4637.96	13.3275	13.3275
Enh811	303	303	2440.04	8.05295	8.05295
Enh812	516	516	11179.1	21.665	21.665
Enh813	270	270	314.888	1.16625	1.16625
Enh814	915	915	4221.49	4.61366	4.61366
Enh817	236	236	66.411	0.281403	0.281403
Enh818	211	211	734.678	3.48189	3.48189
Enh819	481	481	4261.63	8.85994	8.85994
Enh821	713	713	1121.64	1.57313	1.57313
Enh822	531	531	2684.51	5.05557	5.05557
Enh823	368	368	401.221	1.09027	1.09027
Enh824	424	424	465.624	1.09817	1.09817
Enh826	326	326	3949.32	12.1145	12.1145
Enh829	392	392	2700.35	6.88866	6.88866
Enh831	654	654	645.235	0.986598	0.986598
Enh832	227	227	331.342	1.45966	1.45966
Enh833	325	325	159.415	0.490509	0.490509
Enh834	592	592	2693.55	4.54992	4.54992
Enh835	289	289	451.36	1.5618	1.5618
Enh836	280	280	98.915	0.353268	0.353268
Enh837	545	545	3488.63	6.40117	6.40117
Enh838	1135	1135	16617.7	14.6412	14.6412
Enh842	598	598	13452.7	22.4962	22.4962
Enh845	577	577	2661.2	4.61213	4.61213
Enh846	258	258	386.355	1.4975	1.4975
Enh847	232	232	154.676	0.666706	0.666706
Enh848	460	460	827.596	1.79912	1.79912
Enh849	400	400	400.245	1.00061	1.00061
Enh851	500	500	1056.56	2.11312	2.11312
Enh852	761	761	8077.14	10.6139	10.6139
Enh853	411	411	3153.61	7.67301	7.67301
Enh854	386	386	595.797	1.54351	1.54351
Enh855	239	239	1356.11	5.67411	5.67411
Enh856	295	295	696.204	2.36001	2.36001
Enh858	230	230	103.782	0.451228	0.451228
Enh860	251	251	105.801	0.421517	0.421517
Enh861	378	378	3034.24	8.02709	8.02709
Enh862	289	289	3046.5	10.5415	10.5415
Enh863	391	391	1436.75	3.67455	3.67455
Enh864	741	741	2964.32	4.00043	4.00043
Enh866	584	584	3965.27	6.78984	6.78984
Enh867	310	310	3840.77	12.3896	12.3896
Enh869	448	448	3453.23	7.7081	7.7081
Enh870	408	408	1455.89	3.56835	3.56835
Enh871	347	347	1352.7	3.89827	3.89827
Enh872	254	254	439.331	1.72965	1.72965
Enh874	320	320	345.604	1.08001	1.08001
Enh875	674	674	2164.14	3.21089	3.21089
Enh876	655	655	1193.75	1.82252	1.82252
Enh877	1131	1131	2859.22	2.52805	2.52805
Enh878	459	459	3252.7	7.08649	7.08649
Enh879	387	387	388.673	1.00432	1.00432
Enh880	277	277	71.8284	0.259308	0.259308
Enh882	507	507	6637.31	13.0913	13.0913
Enh884	329	329	373.863	1.13636	1.13636
Enh886	227	227	457.794	2.01671	2.01671
Enh887	240	240	122.431	0.51013	0.51013
Enh888	205	205	211.405	1.03125	1.03125
Enh889	442	442	291.03	0.658438	0.658438
Enh890	253	253	590.688	2.33473	2.33473
Enh892	283	283	292.346	1.03302	1.03302
Enh893	208	208	217.427	1.04532	1.04532
Enh894	407	407	1441.44	3.54162	3.54162
Enh895	423	423	5964.25	14.0999	14.0999
Enh896	455	455	3574.02	7.85499	7.85499
Enh897	211	211	282.158	1.33724	1.33724
Enh898	550	550	6624.53	12.0446	12.0446
Enh899	262	262	1094.02	4.17564	4.17564
Enh900	622	622	1279.8	2.05756	2.05756
Enh901	210	210	445.477	2.12132	2.12132
Enh903	556	556	8572.87	15.4188	15.4188
Enh906	246	246	168.379	0.684467	0.684467
Enh907	450	450	5237.25	11.6383	11.6383
Enh908	210	210	142.219	0.677232	0.677232
Enh909	276	276	173.202	0.627542	0.627542
Enh910	217	217	1342.07	6.18466	6.18466
Enh911	284	284	2355.59	8.29434	8.29434
Enh912	324	324	587.539	1.81339	1.81339
Enh913	651	651	4399.69	6.75836	6.75836
Enh916	426	426	554.598	1.30187	1.30187
Enh917	501	501	940.708	1.87766	1.87766
Enh919	505	505	712.157	1.41021	1.41021
Enh920	229	229	568.768	2.4837	2.4837
Enh922	289	289	505.686	1.74978	1.74978
Enh923	495	495	2540	5.13132	5.13132
Enh924	315	315	804.065	2.55259	2.55259
Enh925	322	322	63.5534	0.197371	0.197371
Enh926	499	499	1250.88	2.50678	2.50678
Enh927	357	357	543.879	1.52347	1.52347
Enh929	358	358	1070.74	2.99089	2.99089
Enh932	314	314	3384.89	10.7799	10.7799
Enh933	347	347	420.346	1.21137	1.21137
Enh936	521	521	587.586	1.1278	1.1278
Enh937	726	726	6007.51	8.27481	8.27481
Enh938	269	269	284.911	1.05915	1.05915
Enh939	267	267	144.784	0.542262	0.542262
Enh940	386	386	727.031	1.8835	1.8835
Enh941	351	351	424.97	1.21074	1.21074
Enh942	340	340	601.713	1.76974	1.76974
Enh944	234	234	362.77	1.5503	1.5503
Enh945	204	204	128.466	0.629735	0.629735
Enh946	271	271	1358.69	5.01362	5.01362
Enh947	524	524	561.009	1.07063	1.07063
Enh948	210	210	154.88	0.737525	0.737525
Enh949	262	262	224.209	0.855761	0.855761
Enh951	535	535	11480.9	21.4596	21.4596
Enh952	534	534	1283.44	2.40345	2.40345
Enh954	298	298	1149.56	3.8576	3.8576
Enh955	491	491	948.127	1.93101	1.93101
Enh956	431	431	2186.1	5.07216	5.07216
Enh957	441	441	3240.14	7.34726	7.34726
Enh958	652	652	5087.06	7.80224	7.80224
Enh959	247	247	2075.74	8.4038	8.4038
Enh960	243	243	426.995	1.75718	1.75718
Enh963	239	239	3794.01	15.8745	15.8745
Enh965	581	581	7205.54	12.402	12.402
Enh966	339	339	652.008	1.92333	1.92333
Enh968	453	453	2467.83	5.44775	5.44775
Enh969	237	237	328.034	1.38411	1.38411
Enh971	378	378	317.721	0.840531	0.840531
Enh972	256	256	810.167	3.16471	3.16471
Enh973	222	222	310.375	1.39808	1.39808
Enh974	266	266	734.279	2.76045	2.76045
Enh975	247	247	383.149	1.55121	1.55121
Enh977	388	388	6572.98	16.9407	16.9407
Enh978	235	235	974.359	4.14621	4.14621
Enh979	717	717	5416.76	7.55476	7.55476
Enh147	126	126	43.0631	0.341771	0.341771
Enh151	147	147	4.40069	0.0299367	0.0299367
Enh152	170	170	138.744	0.816139	0.816139
Enh156	154	154	402.611	2.61435	2.61435
Enh158	161	161	147.477	0.916006	0.916006
Enh159	153	153	8.54096	0.0558233	0.0558233
Enh165	196	196	71.2956	0.363753	0.363753
Enh173	164	164	320.358	1.9534	1.9534
Enh174	100	100	191.572	1.91572	1.91572
Enh175	189	189	431.063	2.28075	2.28075
Enh108	180	180	1465.67	8.14259	8.14259
Enh111	104	104	89.5591	0.861145	0.861145
Enh112	194	194	369.266	1.90343	1.90343
Enh120	140	140	148.176	1.0584	1.0584
Enh199	147	147	392.015	2.66677	2.66677
Enh215	111	111	75.8541	0.68337	0.68337
Enh218	197	197	310.542	1.57636	1.57636
Enh224	114	114	444.498	3.8991	3.8991
Enh228	119	119	347.291	2.91841	2.91841
Enh231	129	129	1764.13	13.6754	13.6754
Enh234	188	188	214.501	1.14096	1.14096
Enh238	140	140	588.49	4.2035	4.2035
Enh242	152	152	3472.47	22.8452	22.8452
Enh243	146	146	1854.64	12.703	12.703
Enh246	186	186	268.891	1.44565	1.44565
Enh179	187	187	308.451	1.64947	1.64947
Enh184	178	178	151.913	0.853445	0.853445
Enh186	152	152	213.186	1.40254	1.40254
Enh193	136	136	20.4478	0.150352	0.150352
Enh281	193	193	50.5794	0.262069	0.262069
Enh284	198	198	1102.82	5.56981	5.56981
Enh260	87	87	163.167	1.87548	1.87548
Enh261	151	151	574.911	3.80736	3.80736
Enh262	111	111	173.994	1.56751	1.56751
Enh263	181	181	208.981	1.15459	1.15459
Enh264	105	105	448.7	4.27333	4.27333
Enh265	129	129	322.757	2.502	2.502
Enh269	179	179	479.466	2.67858	2.67858
Enh277	175	175	240.179	1.37245	1.37245
Enh289	140	140	80.7751	0.576965	0.576965
Enh73	176	176	38.9505	0.22131	0.22131
Enh105	112	112	41.7131	0.372438	0.372438
Enh106	147	147	21.6093	0.147002	0.147002
Enh35	123	123	238.265	1.93711	1.93711
Enh44	199	199	519.788	2.612	2.612
Enh62	191	191	531.154	2.78091	2.78091
Enh74	133	133	288.888	2.17209	2.17209
Enh77	178	178	22.3713	0.125681	0.125681
Enh80	200	200	308.557	1.54278	1.54278
Enh88	191	191	2340.32	12.253	12.253
Enh94	169	169	176.614	1.04506	1.04506
Enh97	191	191	416.794	2.18217	2.18217
Enh3	170	170	217.768	1.28099	1.28099
Enh4	123	123	1351.69	10.9894	10.9894
Enh11	190	190	69.4103	0.365317	0.365317
Enh12	190	190	82.2775	0.433039	0.433039
Enh14	150	150	475.632	3.17088	3.17088
Enh16	168	168	360.795	2.14759	2.14759
Enh19	160	160	92.5434	0.578396	0.578396
Enh20	178	178	23.3121	0.130967	0.130967
Enh21	185	185	143.261	0.774383	0.774383
Enh22	200	200	360.995	1.80498	1.80498
Enh26	192	192	82.1764	0.428002	0.428002
Enh30	176	176	178.981	1.01694	1.01694
Enh38	174	174	488.97	2.81017	2.81017
Enh41	139	139	64.389	0.46323	0.46323
Enh57	156	156	244.081	1.56462	1.56462
Enh145	151	151	150.272	0.995178	0.995178
Enh129	161	161	45.0362	0.279728	0.279728
Enh132	137	137	180.601	1.31826	1.31826
Enh133	147	147	1948.8	13.2571	13.2571
Enh135	98	98	765.037	7.8065	7.8065
Enh137	117	117	1017.23	8.69429	8.69429
Enh138	157	157	70.194	0.447096	0.447096
Enh140	186	186	357.104	1.91991	1.91991
Enh141	147	147	288.271	1.96103	1.96103
Enh290	167	167	403.348	2.41526	2.41526
Enh305	194	194	343.604	1.77115	1.77115
Enh307	153	153	308.872	2.01877	2.01877
Enh314	185	185	467.97	2.52957	2.52957
Enh285	190	190	50.8199	0.267473	0.267473
Enh325	189	189	138.914	0.734996	0.734996
Enh341	109	109	512.841	4.70496	4.70496
Enh345	159	159	56.4064	0.354757	0.354757
Enh323	186	186	275.499	1.48118	1.48118
Enh364	181	181	151.794	0.838639	0.838639
Enh371	191	191	255.353	1.33693	1.33693
Enh373	164	164	291.996	1.78046	1.78046
Enh384	160	160	305.79	1.91119	1.91119
Enh385	177	177	114.341	0.645993	0.645993
Enh386	197	197	110.689	0.561874	0.561874
Enh390	165	165	107.213	0.649778	0.649778
Enh349	192	192	315.521	1.64334	1.64334
Enh354	119	119	281.068	2.36191	2.36191
Enh417	147	147	461.129	3.13693	3.13693
Enh398	197	197	93.1292	0.472737	0.472737
Enh400	149	149	77.2408	0.518395	0.518395
Enh403	195	195	170.438	0.87404	0.87404
Enh404	176	176	2407.1	13.6767	13.6767
Enh418	174	174	326.901	1.87874	1.87874
Enh428	96	96	382.376	3.98309	3.98309
Enh432	188	188	89.7035	0.477146	0.477146
Enh434	156	156	748.176	4.796	4.796
Enh435	191	191	669.344	3.50442	3.50442
Enh442	199	199	59.4574	0.298781	0.298781
Enh445	164	164	165.166	1.00711	1.00711
Enh452	199	199	61.0608	0.306838	0.306838
Enh455	184	184	462.03	2.51103	2.51103
Enh461	168	168	317.522	1.89001	1.89001
Enh500	145	145	63.5519	0.438289	0.438289
Enh501	195	195	803.602	4.12103	4.12103
Enh472	91	91	529.931	5.82342	5.82342
Enh474	118	118	561.415	4.75776	4.75776
Enh484	178	178	3182.03	17.8766	17.8766
Enh489	182	182	1710.93	9.40071	9.40071
Enh496	157	157	57.2634	0.364735	0.364735
Enh551	131	131	52.6518	0.401922	0.401922
Enh555	174	174	230.735	1.32606	1.32606
Enh571	107	107	75.6544	0.707051	0.707051
Enh578	146	146	233.439	1.5989	1.5989
Enh584	104	104	206.484	1.98542	1.98542
Enh587	142	142	350.041	2.46508	2.46508
Enh510	191	191	625.352	3.27409	3.27409
Enh514	150	150	1349.64	8.99762	8.99762
Enh516	173	173	159.34	0.921038	0.921038
Enh525	198	198	307.933	1.55522	1.55522
Enh532	160	160	32.9844	0.206152	0.206152
Enh540	180	180	130.502	0.72501	0.72501
Enh590	160	160	97.0821	0.606763	0.606763
Enh594	170	170	219.245	1.28967	1.28967
Enh598	185	185	109.373	0.591205	0.591205
Enh599	195	195	229.287	1.17583	1.17583
Enh610	199	199	722	3.62814	3.62814
Enh611	166	166	342.411	2.06272	2.06272
Enh612	170	170	246.841	1.452	1.452
Enh619	184	184	137.307	0.746234	0.746234
Enh622	120	120	1477.83	12.3152	12.3152
Enh633	151	151	112.357	0.744085	0.744085
Enh642	146	146	551.418	3.77684	3.77684
Enh643	95	95	1082.34	11.393	11.393
Enh645	192	192	50.5925	0.263503	0.263503
Enh665	127	127	53.6217	0.422218	0.422218
Enh673	156	156	66.291	0.424942	0.424942
Enh701	170	170	208.718	1.22775	1.22775
Enh703	141	141	57.4977	0.407785	0.407785
Enh656	153	153	221.575	1.4482	1.4482
Enh658	147	147	3220.44	21.9078	21.9078
Enh659	129	129	1790.03	13.8762	13.8762
Enh662	161	161	134.722	0.836786	0.836786
Enh670	196	196	493.079	2.51571	2.51571
Enh684	161	161	54.9808	0.341496	0.341496
Enh694	148	148	607.541	4.10501	4.10501
Enh696	176	176	90.6375	0.514986	0.514986
Enh697	195	195	144.565	0.741358	0.741358
Enh735	194	194	161.896	0.834516	0.834516
Enh740	195	195	185.722	0.952419	0.952419
Enh715	193	193	69.4009	0.35959	0.35959
Enh726	117	117	1069.63	9.14214	9.14214
Enh716	161	161	532.813	3.3094	3.3094
Enh760	187	187	337.152	1.80295	1.80295
Enh764	181	181	980.164	5.41527	5.41527
Enh768	186	186	285.688	1.53595	1.53595
Enh742	166	166	97.0419	0.58459	0.58459
Enh748	191	191	127.738	0.668783	0.668783
Enh749	150	150	330.537	2.20358	2.20358
Enh752	196	196	88.1794	0.449895	0.449895
Enh753	180	180	134.463	0.747016	0.747016
Enh803	150	150	2691.09	17.9406	17.9406
Enh804	198	198	650.92	3.28748	3.28748
Enh806	112	112	747.299	6.67231	6.67231
Enh808	107	107	1973.08	18.44	18.44
Enh815	153	153	898.967	5.8756	5.8756
Enh816	136	136	2311.3	16.9949	16.9949
Enh820	188	188	379.698	2.01967	2.01967
Enh825	192	192	675.652	3.51902	3.51902
Enh827	195	195	993.134	5.09299	5.09299
Enh828	179	179	822.34	4.59408	4.59408
Enh781	187	187	36.1086	0.193094	0.193094
Enh783	186	186	299.828	1.61198	1.61198
Enh786	181	181	962.204	5.31604	5.31604
Enh787	140	140	1522.05	10.8718	10.8718
Enh788	113	113	1784.44	15.7915	15.7915
Enh790	133	133	2451.83	18.4348	18.4348
Enh791	152	152	1187.24	7.81079	7.81079
Enh857	134	134	0	0	0
Enh859	161	161	193.918	1.20446	1.20446
Enh865	171	171	310.123	1.81359	1.81359
Enh830	156	156	1948.4	12.4897	12.4897
Enh841	193	193	2769.2	14.3482	14.3482
Enh843	155	155	444.965	2.87074	2.87074
Enh844	169	169	1006.46	5.95539	5.95539
Enh850	159	159	259.174	1.63003	1.63003
Enh902	155	155	306.731	1.97891	1.97891
Enh904	183	183	1526.62	8.34221	8.34221
Enh905	161	161	43.8043	0.272077	0.272077
Enh868	94	94	1912.11	20.3416	20.3416
Enh873	172	172	140.218	0.815219	0.815219
Enh881	165	165	213.582	1.29444	1.29444
Enh883	184	184	1151.89	6.26028	6.26028
Enh885	156	156	79.4357	0.509203	0.509203
Enh961	185	185	608.922	3.29147	3.29147
Enh962	184	184	94.4408	0.513265	0.513265
Enh964	167	167	2258.07	13.5214	13.5214
Enh967	171	171	826.342	4.83241	4.83241
Enh970	153	153	358.895	2.34572	2.34572
Enh914	138	138	152.33	1.10384	1.10384
Enh915	196	196	266.384	1.3591	1.3591
Enh928	90	90	217.003	2.41115	2.41115
Enh930	145	145	1275.67	8.79774	8.79774
Enh931	175	175	913.761	5.22149	5.22149
Enh934	118	118	545.953	4.62672	4.62672
Enh935	121	121	131.506	1.08682	1.08682
Enh943	162	162	145.026	0.895223	0.895223
Enh950	147	147	128.741	0.875792	0.875792
Enh976	175	175	690.813	3.9475	3.9475
