Enh1	295	295	65.3317	0.221463	0.221463
Enh2	332	332	4.50685	0.0135748	0.0135748
Enh5	293	293	9.05422	0.0309018	0.0309018
Enh6	279	279	41.0108	0.146992	0.146992
Enh7	294	294	76.0964	0.258831	0.258831
Enh8	233	233	107.354	0.460745	0.460745
Enh9	583	583	42.402	0.0727307	0.0727307
Enh10	264	264	12.1296	0.0459453	0.0459453
Enh13	420	420	14.7468	0.0351114	0.0351114
Enh15	287	287	289.267	1.0079	1.0079
Enh17	334	334	39.0676	0.116969	0.116969
Enh18	231	231	29.8273	0.129123	0.129123
Enh23	711	711	90.5115	0.127302	0.127302
Enh24	205	205	10.3105	0.0502954	0.0502954
Enh25	260	260	6.24696	0.0240268	0.0240268
Enh27	330	330	274.697	0.832415	0.832415
Enh28	302	302	22.6994	0.0751635	0.0751635
Enh29	212	212	92.8962	0.438189	0.438189
Enh31	405	405	5.96824	0.0147364	0.0147364
Enh32	460	460	55.9149	0.121554	0.121554
Enh33	468	468	3.51944	0.00752017	0.00752017
Enh34	277	277	19.1638	0.0691832	0.0691832
Enh36	411	411	41.4475	0.100846	0.100846
Enh37	642	642	65.994	0.102794	0.102794
Enh39	214	214	131.166	0.612926	0.612926
Enh40	700	700	64.3062	0.091866	0.091866
Enh42	735	735	59.9242	0.0815295	0.0815295
Enh43	302	302	8.34373	0.0276282	0.0276282
Enh45	436	436	20.3961	0.04678	0.04678
Enh46	671	671	279.591	0.416678	0.416678
Enh47	384	384	15.4177	0.0401503	0.0401503
Enh48	561	561	45.8789	0.0817806	0.0817806
Enh49	429	429	32.8376	0.0765446	0.0765446
Enh50	1039	1039	221.575	0.213258	0.213258
Enh51	450	450	51.1142	0.113587	0.113587
Enh52	246	246	12.4857	0.050755	0.050755
Enh53	755	755	61.2134	0.0810774	0.0810774
Enh54	329	329	13.9697	0.042461	0.042461
Enh55	449	449	99.0116	0.220516	0.220516
Enh56	470	470	87.2587	0.185657	0.185657
Enh58	475	475	2.77458	0.00584122	0.00584122
Enh59	220	220	3.1515	0.014325	0.014325
Enh60	257	257	17.3019	0.0673224	0.0673224
Enh61	335	335	117.359	0.350324	0.350324
Enh63	335	335	42.1952	0.125956	0.125956
Enh64	858	858	58.9714	0.0687312	0.0687312
Enh65	494	494	283.317	0.573517	0.573517
Enh66	237	237	10.0648	0.0424673	0.0424673
Enh67	403	403	33.9511	0.0842459	0.0842459
Enh68	677	677	137.856	0.203628	0.203628
Enh69	537	537	33.6774	0.0627139	0.0627139
Enh70	831	831	78.43	0.0943802	0.0943802
Enh71	376	376	176.094	0.468336	0.468336
Enh72	295	295	360.066	1.22056	1.22056
Enh75	827	827	98.5901	0.119214	0.119214
Enh76	298	298	24.8118	0.083261	0.083261
Enh78	400	400	123.326	0.308314	0.308314
Enh79	532	532	182.938	0.343869	0.343869
Enh81	608	608	154.149	0.253534	0.253534
Enh84	523	523	433.825	0.829492	0.829492
Enh85	427	427	27.7137	0.0649034	0.0649034
Enh86	204	204	117.659	0.576761	0.576761
Enh87	238	238	10.3341	0.0434207	0.0434207
Enh89	452	452	57.2387	0.126634	0.126634
Enh90	398	398	43.5272	0.109365	0.109365
Enh91	495	495	23.0562	0.0465782	0.0465782
Enh92	248	248	35.7225	0.144042	0.144042
Enh93	275	275	33.1614	0.120587	0.120587
Enh95	330	330	46.3035	0.140314	0.140314
Enh96	251	251	9.52291	0.0379399	0.0379399
Enh98	271	271	4.5629	0.0168373	0.0168373
Enh99	540	540	26.0503	0.0482414	0.0482414
Enh100	269	269	135.268	0.502856	0.502856
Enh101	506	506	245.055	0.484298	0.484298
Enh102	780	780	85.6251	0.109776	0.109776
Enh103	389	389	100.052	0.257203	0.257203
Enh104	516	516	64.9965	0.125962	0.125962
Enh107	501	501	209.947	0.419055	0.419055
Enh109	244	244	306.594	1.25653	1.25653
Enh110	263	263	77.1572	0.293373	0.293373
Enh113	392	392	69.4741	0.17723	0.17723
Enh114	465	465	159.702	0.343445	0.343445
Enh115	380	380	66.1287	0.174023	0.174023
Enh116	228	228	4.06762	0.0178404	0.0178404
Enh117	423	423	33.8966	0.0801337	0.0801337
Enh118	207	207	393.398	1.90047	1.90047
Enh119	286	286	509.138	1.7802	1.7802
Enh121	533	533	49.543	0.0929512	0.0929512
Enh122	408	408	64.8399	0.158921	0.158921
Enh123	555	555	68.4831	0.123393	0.123393
Enh124	455	455	121.691	0.267452	0.267452
Enh125	245	245	93.2208	0.380493	0.380493
Enh126	234	234	6.27105	0.0267994	0.0267994
Enh127	283	283	58.4316	0.206472	0.206472
Enh128	419	419	37.237	0.0888712	0.0888712
Enh130	293	293	5.48008	0.0187033	0.0187033
Enh131	339	339	27.2728	0.0804506	0.0804506
Enh134	558	558	42.6184	0.076377	0.076377
Enh136	293	293	34.0862	0.116335	0.116335
Enh139	263	263	122.609	0.466194	0.466194
Enh142	220	220	26.9755	0.122616	0.122616
Enh143	518	518	74.9533	0.144698	0.144698
Enh144	445	445	301.31	0.6771	0.6771
Enh146	398	398	4.73429	0.0118952	0.0118952
Enh148	611	611	34.0848	0.0557853	0.0557853
Enh149	696	696	163.871	0.235447	0.235447
Enh150	425	425	62.2252	0.146412	0.146412
Enh153	406	406	24.6192	0.0606384	0.0606384
Enh154	617	617	29.0181	0.047031	0.047031
Enh155	284	284	26.3026	0.0926149	0.0926149
Enh157	384	384	9.64835	0.0251259	0.0251259
Enh160	267	267	144.962	0.542929	0.542929
Enh161	219	219	3.9056	0.0178338	0.0178338
Enh162	393	393	19.0511	0.048476	0.048476
Enh163	220	220	10.0957	0.0458895	0.0458895
Enh164	306	306	18.266	0.0596927	0.0596927
Enh166	239	239	11.111	0.0464894	0.0464894
Enh167	589	589	15.0071	0.025479	0.025479
Enh168	590	590	10.8422	0.0183766	0.0183766
Enh169	508	508	46.8312	0.0921874	0.0921874
Enh170	294	294	4.58988	0.0156118	0.0156118
Enh171	236	236	14.3532	0.0608185	0.0608185
Enh172	430	430	22.73	0.0528605	0.0528605
Enh176	502	502	63.7407	0.126973	0.126973
Enh177	405	405	9.06685	0.0223873	0.0223873
Enh178	263	263	58.8402	0.223727	0.223727
Enh180	858	858	54.3512	0.0633464	0.0633464
Enh181	241	241	2.80584	0.0116425	0.0116425
Enh182	449	449	99.3119	0.221185	0.221185
Enh183	278	278	272.007	0.978443	0.978443
Enh185	632	632	439.693	0.695718	0.695718
Enh187	319	319	53.9086	0.168993	0.168993
Enh188	886	886	26.8997	0.0303609	0.0303609
Enh189	770	770	14.9892	0.0194665	0.0194665
Enh190	247	247	4.11024	0.0166406	0.0166406
Enh191	266	266	31.3981	0.118038	0.118038
Enh192	369	369	224.344	0.607978	0.607978
Enh194	600	600	683.146	1.13858	1.13858
Enh195	457	457	14.8183	0.0324253	0.0324253
Enh196	308	308	45.3821	0.147344	0.147344
Enh197	210	210	12.6265	0.0601263	0.0601263
Enh198	547	547	96.3998	0.176234	0.176234
Enh200	888	888	215.743	0.242954	0.242954
Enh201	331	331	140.011	0.422993	0.422993
Enh202	306	306	204.595	0.668611	0.668611
Enh203	292	292	42.819	0.14664	0.14664
Enh204	350	350	106.882	0.305376	0.305376
Enh205	370	370	103.774	0.28047	0.28047
Enh206	264	264	55.9076	0.211771	0.211771
Enh207	412	412	40.3035	0.097824	0.097824
Enh208	858	858	168.799	0.196735	0.196735
Enh209	517	517	173.818	0.336205	0.336205
Enh210	381	381	10.8013	0.0283499	0.0283499
Enh211	219	219	6.32259	0.0288703	0.0288703
Enh212	310	310	49.7826	0.160589	0.160589
Enh213	203	203	14.5066	0.0714609	0.0714609
Enh214	256	256	127.64	0.498593	0.498593
Enh216	260	260	16.0131	0.0615887	0.0615887
Enh217	699	699	345.91	0.494864	0.494864
Enh219	609	609	17.6704	0.0290155	0.0290155
Enh220	235	235	11.3888	0.0484629	0.0484629
Enh221	256	256	15.9208	0.0621907	0.0621907
Enh222	476	476	7.89898	0.0165945	0.0165945
Enh223	792	792	97.1758	0.122697	0.122697
Enh225	206	206	42.7628	0.207587	0.207587
Enh226	288	288	43.4026	0.150704	0.150704
Enh227	654	654	44.5644	0.0681413	0.0681413
Enh229	225	225	13.3562	0.0593607	0.0593607
Enh230	492	492	88.28	0.179431	0.179431
Enh232	495	495	7.77485	0.0157068	0.0157068
Enh233	1116	1116	25.9543	0.0232566	0.0232566
Enh235	229	229	34.1655	0.149194	0.149194
Enh236	423	423	7.15453	0.0169138	0.0169138
Enh237	367	367	9.68156	0.0263803	0.0263803
Enh239	756	756	37.905	0.0501389	0.0501389
Enh240	348	348	17.7299	0.050948	0.050948
Enh241	748	748	248.251	0.331886	0.331886
Enh244	542	542	18.4926	0.0341191	0.0341191
Enh245	261	261	73.5444	0.281779	0.281779
Enh247	312	312	10.2189	0.0327529	0.0327529
Enh248	408	408	5.35615	0.0131278	0.0131278
Enh249	207	207	25.7015	0.124162	0.124162
Enh250	408	408	21.2442	0.052069	0.052069
Enh251	453	453	16.7448	0.0369642	0.0369642
Enh252	368	368	7.95097	0.0216059	0.0216059
Enh253	234	234	22.0171	0.0940903	0.0940903
Enh254	562	562	33.2057	0.0590849	0.0590849
Enh255	204	204	6.1472	0.0301333	0.0301333
Enh256	459	459	75.5428	0.164581	0.164581
Enh257	240	240	9.03705	0.0376544	0.0376544
Enh258	224	224	125.847	0.561818	0.561818
Enh259	587	587	70.8187	0.120645	0.120645
Enh266	606	606	34.0947	0.0562619	0.0562619
Enh267	279	279	200.766	0.719592	0.719592
Enh268	352	352	18.7633	0.0533047	0.0533047
Enh270	519	519	27.8993	0.0537558	0.0537558
Enh271	463	463	82.8445	0.17893	0.17893
Enh272	243	243	85.5678	0.352131	0.352131
Enh273	528	528	29.1778	0.055261	0.055261
Enh274	897	897	45.7402	0.0509924	0.0509924
Enh275	375	375	20.2079	0.0538877	0.0538877
Enh276	490	490	187.659	0.382977	0.382977
Enh278	243	243	66.9102	0.27535	0.27535
Enh280	819	819	46.4369	0.0566995	0.0566995
Enh282	314	314	235.738	0.750758	0.750758
Enh283	360	360	20.5466	0.0570738	0.0570738
Enh286	684	684	62.1929	0.0909252	0.0909252
Enh287	451	451	293.366	0.650478	0.650478
Enh288	234	234	21.4543	0.0916848	0.0916848
Enh291	792	792	49.5355	0.0625448	0.0625448
Enh292	243	243	12.1521	0.0500088	0.0500088
Enh293	384	384	164.045	0.427201	0.427201
Enh294	211	211	4.33912	0.0205646	0.0205646
Enh295	252	252	20.2423	0.0803267	0.0803267
Enh296	397	397	40.0993	0.101006	0.101006
Enh297	753	753	77.1124	0.102407	0.102407
Enh298	235	235	13.4332	0.0571626	0.0571626
Enh299	605	605	9.32511	0.0154134	0.0154134
Enh300	863	863	10.1426	0.0117527	0.0117527
Enh301	248	248	5.06027	0.0204043	0.0204043
Enh302	313	313	51.1496	0.163417	0.163417
Enh303	265	265	10.0149	0.0377922	0.0377922
Enh304	684	684	59.2353	0.0866013	0.0866013
Enh306	395	395	148.765	0.376621	0.376621
Enh308	1110	1110	17.954	0.0161747	0.0161747
Enh309	857	857	37.6253	0.0439035	0.0439035
Enh310	221	221	7.38806	0.0334301	0.0334301
Enh311	530	530	69.9305	0.131944	0.131944
Enh312	263	263	20.53	0.0780609	0.0780609
Enh313	228	228	19.1906	0.0841693	0.0841693
Enh315	215	215	46.6377	0.21692	0.21692
Enh316	468	468	26.7104	0.0570735	0.0570735
Enh317	276	276	1255.11	4.54751	4.54751
Enh318	204	204	15.9874	0.0783699	0.0783699
Enh319	540	540	108.814	0.201508	0.201508
Enh320	473	473	10.1412	0.0214402	0.0214402
Enh321	511	511	54.4328	0.106522	0.106522
Enh322	291	291	36.6089	0.125804	0.125804
Enh324	281	281	45.032	0.160256	0.160256
Enh327	504	504	25.1055	0.0498126	0.0498126
Enh328	286	286	59.3827	0.207632	0.207632
Enh329	289	289	2.08203	0.00720426	0.00720426
Enh330	556	556	125.056	0.224922	0.224922
Enh331	208	208	37.7981	0.181722	0.181722
Enh332	338	338	8.70058	0.0257414	0.0257414
Enh333	324	324	2.56337	0.00791164	0.00791164
Enh334	713	713	56.3022	0.0789652	0.0789652
Enh335	318	318	55.233	0.173689	0.173689
Enh336	571	571	115.47	0.202224	0.202224
Enh337	458	458	251.73	0.549629	0.549629
Enh338	832	832	22.5709	0.0271285	0.0271285
Enh339	211	211	14.4259	0.0683693	0.0683693
Enh340	822	822	46.9899	0.0571654	0.0571654
Enh342	287	287	158.807	0.553334	0.553334
Enh343	349	349	8.74454	0.025056	0.025056
Enh344	309	309	134.22	0.434368	0.434368
Enh346	351	351	12.4342	0.0354252	0.0354252
Enh347	316	316	28.9666	0.0916665	0.0916665
Enh348	315	315	17.2419	0.0547361	0.0547361
Enh350	257	257	8.66578	0.033719	0.033719
Enh351	332	332	8.42955	0.0253902	0.0253902
Enh352	302	302	39.5845	0.131075	0.131075
Enh353	359	359	42.2336	0.117642	0.117642
Enh355	293	293	9.36361	0.0319577	0.0319577
Enh356	703	703	22.7443	0.0323532	0.0323532
Enh357	216	216	1329.5	6.15511	6.15511
Enh358	699	699	12.4411	0.0177984	0.0177984
Enh359	691	691	86.0184	0.124484	0.124484
Enh360	501	501	72.5426	0.144796	0.144796
Enh361	297	297	31.089	0.104677	0.104677
Enh362	551	551	44.9593	0.0815958	0.0815958
Enh363	636	636	6.48158	0.0101912	0.0101912
Enh365	369	369	192.731	0.522306	0.522306
Enh366	456	456	24.4628	0.0536464	0.0536464
Enh367	561	561	18.0353	0.0321484	0.0321484
Enh368	431	431	90.3444	0.209616	0.209616
Enh369	316	316	200.375	0.634098	0.634098
Enh370	718	718	294.93	0.410765	0.410765
Enh372	230	230	11.192	0.048661	0.048661
Enh374	713	713	63.9581	0.0897028	0.0897028
Enh375	323	323	153.035	0.473793	0.473793
Enh376	541	541	20.7278	0.0383139	0.0383139
Enh377	351	351	23.2554	0.0662546	0.0662546
Enh378	283	283	20.8757	0.0737657	0.0737657
Enh379	232	232	17.9786	0.0774942	0.0774942
Enh380	285	285	68.8368	0.241533	0.241533
Enh381	323	323	30.161	0.0933777	0.0933777
Enh382	247	247	11.2172	0.0454136	0.0454136
Enh383	231	231	5.07471	0.0219684	0.0219684
Enh387	475	475	53.8031	0.11327	0.11327
Enh388	236	236	72.3657	0.306634	0.306634
Enh389	685	685	147.483	0.215304	0.215304
Enh391	447	447	18.6249	0.0416664	0.0416664
Enh392	248	248	4.21467	0.0169946	0.0169946
Enh393	295	295	29.932	0.101464	0.101464
Enh394	430	430	74.5486	0.173369	0.173369
Enh395	203	203	6.21002	0.0305912	0.0305912
Enh396	364	364	16.2405	0.0446166	0.0446166
Enh397	241	241	8.21842	0.0341013	0.0341013
Enh399	309	309	188.884	0.611274	0.611274
Enh401	242	242	107.26	0.443225	0.443225
Enh402	236	236	105.742	0.448058	0.448058
Enh405	472	472	10.1595	0.0215244	0.0215244
Enh406	452	452	18.9971	0.042029	0.042029
Enh407	224	224	264.87	1.18245	1.18245
Enh408	407	407	121.018	0.297341	0.297341
Enh409	404	404	226.56	0.560792	0.560792
Enh410	529	529	169.817	0.321016	0.321016
Enh411	246	246	107.97	0.438903	0.438903
Enh412	556	556	37.8082	0.0680003	0.0680003
Enh413	259	259	183.039	0.706716	0.706716
Enh414	429	429	49.0883	0.114425	0.114425
Enh415	279	279	25.3471	0.09085	0.09085
Enh416	442	442	9.46618	0.0214167	0.0214167
Enh419	207	207	64.5306	0.311742	0.311742
Enh420	351	351	40.1255	0.114318	0.114318
Enh421	603	603	16.3496	0.0271138	0.0271138
Enh422	459	459	53.5715	0.116713	0.116713
Enh423	898	898	69.9608	0.0779073	0.0779073
Enh424	483	483	44.16	0.0914285	0.0914285
Enh425	240	240	3.80007	0.0158336	0.0158336
Enh426	240	240	7.84587	0.0326911	0.0326911
Enh427	577	577	11.8792	0.0205879	0.0205879
Enh429	612	612	85.4046	0.13955	0.13955
Enh430	799	799	84.2445	0.105437	0.105437
Enh431	411	411	2.93995	0.00715316	0.00715316
Enh433	321	321	39.9205	0.124363	0.124363
Enh436	237	237	38.1094	0.160799	0.160799
Enh437	304	304	197.905	0.651003	0.651003
Enh438	780	780	38.2119	0.0489896	0.0489896
Enh439	262	262	13.9015	0.0530591	0.0530591
Enh440	375	375	22.1546	0.0590789	0.0590789
Enh441	299	299	18.5656	0.0620921	0.0620921
Enh443	343	343	4.95977	0.01446	0.01446
Enh444	265	265	33.7383	0.127315	0.127315
Enh446	291	291	853.013	2.93132	2.93132
Enh447	261	261	5.57287	0.021352	0.021352
Enh448	807	807	81.2126	0.100635	0.100635
Enh449	242	242	6.0434	0.0249727	0.0249727
Enh450	591	591	14.7433	0.0249463	0.0249463
Enh451	256	256	101.422	0.39618	0.39618
Enh453	276	276	41.4184	0.150067	0.150067
Enh454	230	230	4.9749	0.02163	0.02163
Enh456	525	525	37.2864	0.0710218	0.0710218
Enh457	265	265	41.1232	0.155182	0.155182
Enh458	237	237	26.062	0.109966	0.109966
Enh459	520	520	90.3869	0.173821	0.173821
Enh460	664	664	112.527	0.169469	0.169469
Enh462	401	401	121.611	0.303268	0.303268
Enh463	209	209	11.4643	0.0548533	0.0548533
Enh464	310	310	142.487	0.459635	0.459635
Enh465	270	270	20.0924	0.0744162	0.0744162
Enh466	286	286	28.8989	0.101045	0.101045
Enh467	223	223	252.965	1.13437	1.13437
Enh468	453	453	29.7887	0.0657586	0.0657586
Enh469	408	408	21.9929	0.0539041	0.0539041
Enh470	222	222	205.07	0.92374	0.92374
Enh471	306	306	7.89893	0.0258135	0.0258135
Enh473	299	299	22.5216	0.0753231	0.0753231
Enh475	565	565	22.0139	0.0389626	0.0389626
Enh476	252	252	137.501	0.545639	0.545639
Enh477	412	412	38.1763	0.0926609	0.0926609
Enh478	570	570	72.9258	0.12794	0.12794
Enh479	259	259	33.0569	0.127633	0.127633
Enh480	363	363	34.2054	0.0942298	0.0942298
Enh481	306	306	117.439	0.383786	0.383786
Enh482	494	494	161.877	0.327687	0.327687
Enh483	430	430	37.0834	0.0862405	0.0862405
Enh485	500	500	140.533	0.281065	0.281065
Enh486	299	299	180.519	0.603743	0.603743
Enh487	856	856	58.6689	0.0685385	0.0685385
Enh488	283	283	17.0294	0.0601746	0.0601746
Enh490	572	572	34.3128	0.0599874	0.0599874
Enh491	241	241	50.2472	0.208494	0.208494
Enh492	939	939	40.4398	0.0430669	0.0430669
Enh493	300	300	33.1376	0.110459	0.110459
Enh494	271	271	50.8751	0.187731	0.187731
Enh495	302	302	30.0259	0.0994234	0.0994234
Enh497	269	269	18.5155	0.0688309	0.0688309
Enh498	472	472	27.7627	0.0588192	0.0588192
Enh499	509	509	16.231	0.031888	0.031888
Enh502	265	265	11.7206	0.0442286	0.0442286
Enh503	852	852	113.226	0.132894	0.132894
Enh504	269	269	202.068	0.751181	0.751181
Enh505	766	766	79.9205	0.104335	0.104335
Enh506	595	595	21.0838	0.0354349	0.0354349
Enh507	495	495	194.918	0.393774	0.393774
Enh508	404	404	16.3821	0.0405497	0.0405497
Enh509	212	212	7.68551	0.0362524	0.0362524
Enh511	362	362	46.2976	0.127894	0.127894
Enh512	221	221	17.7537	0.0803335	0.0803335
Enh513	285	285	13.0673	0.04585	0.04585
Enh515	633	633	100.442	0.158677	0.158677
Enh517	351	351	56.561	0.161143	0.161143
Enh518	228	228	17.6725	0.0775108	0.0775108
Enh519	262	262	138.289	0.52782	0.52782
Enh520	711	711	60.1235	0.0845619	0.0845619
Enh521	486	486	381.575	0.785134	0.785134
Enh522	299	299	26.7673	0.0895227	0.0895227
Enh523	583	583	70.2121	0.120432	0.120432
Enh524	712	712	38.3174	0.0538166	0.0538166
Enh526	259	259	14.0722	0.0543329	0.0543329
Enh529	755	755	11.2388	0.0148858	0.0148858
Enh530	223	223	11.507	0.051601	0.051601
Enh531	285	285	68.4308	0.240108	0.240108
Enh533	841	841	72.3562	0.0860359	0.0860359
Enh534	506	506	34.9467	0.0690647	0.0690647
Enh535	326	326	8.19431	0.0251359	0.0251359
Enh536	768	768	78.6532	0.102413	0.102413
Enh537	476	476	42.5918	0.0894786	0.0894786
Enh538	427	427	29.6413	0.0694176	0.0694176
Enh539	208	208	25.4265	0.122243	0.122243
Enh541	461	461	58.9803	0.12794	0.12794
Enh542	226	226	66.1462	0.292682	0.292682
Enh543	286	286	94.5188	0.330485	0.330485
Enh544	297	297	10.7688	0.0362586	0.0362586
Enh545	307	307	9.20452	0.0299822	0.0299822
Enh546	408	408	29.0431	0.0711841	0.0711841
Enh547	357	357	7.58824	0.0212556	0.0212556
Enh548	437	437	61.6364	0.141044	0.141044
Enh549	395	395	175.888	0.445285	0.445285
Enh550	379	379	42.8408	0.113037	0.113037
Enh552	372	372	6.19715	0.016659	0.016659
Enh553	341	341	7.23169	0.0212073	0.0212073
Enh554	231	231	10.3361	0.0447448	0.0447448
Enh556	294	294	25.756	0.0876053	0.0876053
Enh557	384	384	27.9748	0.072851	0.072851
Enh558	262	262	109.305	0.417196	0.417196
Enh559	245	245	12.2332	0.0499315	0.0499315
Enh560	647	647	70.8328	0.109479	0.109479
Enh561	779	779	247.053	0.317142	0.317142
Enh562	339	339	25.9513	0.0765525	0.0765525
Enh563	243	243	58.4339	0.240469	0.240469
Enh564	503	503	73.9263	0.146971	0.146971
Enh565	254	254	42.9129	0.168948	0.168948
Enh566	236	236	52.4505	0.222248	0.222248
Enh567	236	236	30.7366	0.13024	0.13024
Enh568	345	345	18.5761	0.0538437	0.0538437
Enh569	852	852	119.713	0.140509	0.140509
Enh570	261	261	57.0191	0.218464	0.218464
Enh572	294	294	16.4553	0.0559705	0.0559705
Enh573	579	579	27.8407	0.0480841	0.0480841
Enh574	236	236	95.7448	0.405698	0.405698
Enh575	572	572	41.8522	0.0731681	0.0731681
Enh576	203	203	9.52754	0.0469337	0.0469337
Enh577	675	675	27.4205	0.0406229	0.0406229
Enh579	734	734	44.8832	0.0611488	0.0611488
Enh580	203	203	7.99474	0.039383	0.039383
Enh581	477	477	135.407	0.283872	0.283872
Enh582	256	256	32.4362	0.126704	0.126704
Enh583	562	562	105.18	0.187154	0.187154
Enh585	654	654	36.4391	0.0557172	0.0557172
Enh586	487	487	34.5992	0.0710456	0.0710456
Enh588	1136	1136	45.2298	0.039815	0.039815
Enh589	236	236	21.324	0.0903558	0.0903558
Enh591	232	232	218.883	0.943463	0.943463
Enh592	348	348	14.0672	0.0404229	0.0404229
Enh593	343	343	28.0425	0.0817564	0.0817564
Enh595	284	284	7.68039	0.0270436	0.0270436
Enh596	220	220	23.9102	0.108683	0.108683
Enh597	204	204	398.687	1.95435	1.95435
Enh600	394	394	270.931	0.687643	0.687643
Enh601	215	215	7.84194	0.0364741	0.0364741
Enh602	316	316	20.8379	0.0659427	0.0659427
Enh603	533	533	48.3827	0.0907744	0.0907744
Enh604	287	287	95.2319	0.331818	0.331818
Enh605	246	246	3.35049	0.0136199	0.0136199
Enh606	463	463	271.186	0.585715	0.585715
Enh607	329	329	43.8775	0.133366	0.133366
Enh608	207	207	48.6039	0.234802	0.234802
Enh609	508	508	94.0625	0.185162	0.185162
Enh613	362	362	152.797	0.42209	0.42209
Enh614	295	295	13.5951	0.0460851	0.0460851
Enh615	481	481	7.76041	0.0161339	0.0161339
Enh616	907	907	101.846	0.112289	0.112289
Enh617	407	407	6.2377	0.015326	0.015326
Enh618	445	445	46.6824	0.104904	0.104904
Enh620	299	299	3.88715	0.0130005	0.0130005
Enh621	383	383	54.9116	0.143372	0.143372
Enh623	235	235	17.0895	0.0727214	0.0727214
Enh624	341	341	321.497	0.942806	0.942806
Enh625	495	495	35.4698	0.0716562	0.0716562
Enh626	346	346	6.24282	0.0180428	0.0180428
Enh627	255	255	242.243	0.949974	0.949974
Enh628	304	304	64.56	0.212368	0.212368
Enh629	226	226	18.9848	0.0840035	0.0840035
Enh630	301	301	549.888	1.82687	1.82687
Enh631	223	223	154.11	0.691078	0.691078
Enh632	361	361	14.08	0.0390026	0.0390026
Enh634	691	691	9.63944	0.01395	0.01395
Enh635	345	345	19.2537	0.0558077	0.0558077
Enh636	735	735	89.8914	0.122301	0.122301
Enh637	449	449	219.266	0.488343	0.488343
Enh638	481	481	250.822	0.521459	0.521459
Enh639	404	404	19.4901	0.0482427	0.0482427
Enh640	879	879	97.7824	0.111243	0.111243
Enh641	273	273	25.8398	0.0946515	0.0946515
Enh644	473	473	380.887	0.805258	0.805258
Enh646	407	407	164.795	0.404903	0.404903
Enh647	535	535	43.9609	0.08217	0.08217
Enh648	331	331	134.873	0.407472	0.407472
Enh649	577	577	50.3794	0.0873126	0.0873126
Enh650	394	394	49.2577	0.125019	0.125019
Enh651	748	748	32.9039	0.0439891	0.0439891
Enh652	1027	1027	29.097	0.0283321	0.0283321
Enh653	262	262	9.96779	0.038045	0.038045
Enh654	298	298	15.8815	0.0532935	0.0532935
Enh655	483	483	50.7955	0.105167	0.105167
Enh657	581	581	67.6748	0.11648	0.11648
Enh660	495	495	329.737	0.666136	0.666136
Enh661	463	463	291.237	0.629021	0.629021
Enh663	204	204	49.3881	0.242099	0.242099
Enh664	483	483	124.533	0.257831	0.257831
Enh666	239	239	47.566	0.199021	0.199021
Enh667	250	250	24.2951	0.0971803	0.0971803
Enh668	413	413	6.0343	0.0146109	0.0146109
Enh669	294	294	46.9457	0.159679	0.159679
Enh671	590	590	6.51106	0.0110357	0.0110357
Enh672	456	456	38.2538	0.08389	0.08389
Enh674	267	267	6.05512	0.0226784	0.0226784
Enh675	234	234	21.7394	0.0929034	0.0929034
Enh676	689	689	35.4747	0.0514872	0.0514872
Enh677	322	322	35.4616	0.110129	0.110129
Enh678	293	293	161.086	0.549781	0.549781
Enh680	370	370	386.033	1.04333	1.04333
Enh681	726	726	54.2974	0.0747898	0.0747898
Enh682	447	447	68.3121	0.152823	0.152823
Enh683	210	210	19.5186	0.0929456	0.0929456
Enh685	327	327	13.8063	0.042221	0.042221
Enh686	355	355	70.4771	0.198527	0.198527
Enh691	365	365	146.017	0.400046	0.400046
Enh692	276	276	152.192	0.55142	0.55142
Enh693	202	202	99.4522	0.492338	0.492338
Enh695	397	397	219.253	0.552275	0.552275
Enh698	328	328	21.8721	0.0666833	0.0666833
Enh699	481	481	82.7456	0.172028	0.172028
Enh700	282	282	199.436	0.707219	0.707219
Enh702	594	594	30.5183	0.0513776	0.0513776
Enh704	229	229	7.90582	0.0345232	0.0345232
Enh705	568	568	77.7378	0.136862	0.136862
Enh706	308	308	44.5796	0.144739	0.144739
Enh707	713	713	51.2509	0.0718807	0.0718807
Enh708	298	298	22.3325	0.0749414	0.0749414
Enh709	547	547	482.447	0.881987	0.881987
Enh710	295	295	203.687	0.690466	0.690466
Enh711	274	274	5.13122	0.0187271	0.0187271
Enh712	240	240	14.6621	0.061092	0.061092
Enh714	395	395	4.9221	0.012461	0.012461
Enh717	346	346	6.99188	0.0202077	0.0202077
Enh718	293	293	11.0497	0.0377123	0.0377123
Enh719	449	449	64.2972	0.143201	0.143201
Enh720	231	231	10.4597	0.0452801	0.0452801
Enh721	308	308	25.708	0.0834676	0.0834676
Enh722	462	462	54.4074	0.117765	0.117765
Enh723	326	326	11.7577	0.0360664	0.0360664
Enh724	203	203	28.5188	0.140487	0.140487
Enh725	367	367	61.0304	0.166295	0.166295
Enh727	355	355	118.334	0.333335	0.333335
Enh728	520	520	49.5849	0.0953556	0.0953556
Enh729	517	517	52.4144	0.101382	0.101382
Enh730	209	209	9.08596	0.0434735	0.0434735
Enh731	277	277	5.89174	0.0212698	0.0212698
Enh732	299	299	36.4784	0.122001	0.122001
Enh733	396	396	52.0956	0.131554	0.131554
Enh734	202	202	7.20686	0.0356775	0.0356775
Enh736	318	318	96.0703	0.302108	0.302108
Enh737	278	278	47.2039	0.169798	0.169798
Enh738	257	257	91.9957	0.35796	0.35796
Enh739	225	225	3.83256	0.0170336	0.0170336
Enh741	465	465	6.88747	0.0148118	0.0148118
Enh743	228	228	104.771	0.459523	0.459523
Enh744	330	330	52.1419	0.158006	0.158006
Enh745	468	468	49.1467	0.105014	0.105014
Enh746	441	441	3.77306	0.00855569	0.00855569
Enh747	320	320	65.478	0.204619	0.204619
Enh750	281	281	31.786	0.113118	0.113118
Enh751	316	316	34.0519	0.107759	0.107759
Enh754	558	558	98.0434	0.175705	0.175705
Enh755	639	639	108.005	0.169022	0.169022
Enh756	281	281	7.37471	0.0262445	0.0262445
Enh757	307	307	9.49944	0.0309428	0.0309428
Enh758	468	468	33.3027	0.0711596	0.0711596
Enh759	471	471	37.4782	0.0795715	0.0795715
Enh762	368	368	191.26	0.519729	0.519729
Enh763	533	533	266.496	0.499993	0.499993
Enh765	318	318	14.3951	0.0452675	0.0452675
Enh766	238	238	5.09487	0.021407	0.021407
Enh767	310	310	99.5475	0.321121	0.321121
Enh769	392	392	68.0447	0.173583	0.173583
Enh770	342	342	14.5004	0.0423988	0.0423988
Enh771	442	442	26.2642	0.0594214	0.0594214
Enh772	358	358	7.00343	0.0195627	0.0195627
Enh773	346	346	15.643	0.0452111	0.0452111
Enh774	506	506	120.298	0.237743	0.237743
Enh775	247	247	32.8521	0.133004	0.133004
Enh776	358	358	57.8025	0.16146	0.16146
Enh777	651	651	35.565	0.0546313	0.0546313
Enh778	476	476	91.858	0.192979	0.192979
Enh779	813	813	154.526	0.190069	0.190069
Enh780	434	434	20.0454	0.0461875	0.0461875
Enh782	613	613	3.37788	0.00551041	0.00551041
Enh785	861	861	94.9861	0.110321	0.110321
Enh789	663	663	38.1213	0.0574982	0.0574982
Enh792	433	433	43.0315	0.0993798	0.0993798
Enh793	1014	1014	2504.2	2.46963	2.46963
Enh794	404	404	14.8962	0.0368717	0.0368717
Enh795	229	229	15.0246	0.0656096	0.0656096
Enh798	270	270	10.6441	0.0394227	0.0394227
Enh799	350	350	48.1205	0.137487	0.137487
Enh800	229	229	61.9821	0.270664	0.270664
Enh801	756	756	71.9866	0.0952204	0.0952204
Enh802	306	306	36.5158	0.119333	0.119333
Enh805	522	522	13.0643	0.0250273	0.0250273
Enh807	648	648	31.7094	0.0489343	0.0489343
Enh809	234	234	111.626	0.477033	0.477033
Enh810	348	348	107.832	0.309861	0.309861
Enh811	303	303	24.8734	0.0820904	0.0820904
Enh812	516	516	69.3127	0.134327	0.134327
Enh813	270	270	46.6236	0.17268	0.17268
Enh814	915	915	133.949	0.146392	0.146392
Enh817	236	236	23.1669	0.098165	0.098165
Enh818	211	211	423.115	2.00528	2.00528
Enh819	481	481	4.65026	0.0096679	0.0096679
Enh821	713	713	126.17	0.176957	0.176957
Enh822	531	531	7.55793	0.0142334	0.0142334
Enh823	368	368	50.5714	0.137422	0.137422
Enh824	424	424	17.6698	0.041674	0.041674
Enh826	326	326	605.038	1.85594	1.85594
Enh829	392	392	665.091	1.69666	1.69666
Enh831	654	654	59.8234	0.091473	0.091473
Enh832	227	227	196.487	0.865581	0.865581
Enh833	325	325	90.1658	0.277433	0.277433
Enh834	592	592	64.3677	0.108729	0.108729
Enh835	289	289	20.1453	0.0697071	0.0697071
Enh836	280	280	42.7172	0.152561	0.152561
Enh837	545	545	55.9617	0.102682	0.102682
Enh838	1135	1135	128.076	0.112842	0.112842
Enh842	598	598	47.3711	0.0792158	0.0792158
Enh845	577	577	195.21	0.33832	0.33832
Enh846	258	258	212.982	0.825512	0.825512
Enh847	232	232	93.8985	0.404735	0.404735
Enh848	460	460	28.0726	0.0610274	0.0610274
Enh849	400	400	4.46846	0.0111712	0.0111712
Enh851	500	500	81.0866	0.162173	0.162173
Enh852	761	761	199.492	0.262144	0.262144
Enh853	411	411	777.962	1.89285	1.89285
Enh854	386	386	9.21136	0.0238636	0.0238636
Enh855	239	239	13.2257	0.0553375	0.0553375
Enh856	295	295	21.6846	0.0735069	0.0735069
Enh858	230	230	75.6253	0.328806	0.328806
Enh860	251	251	8.58122	0.0341881	0.0341881
Enh861	378	378	12.5806	0.0332819	0.0332819
Enh862	289	289	9.25858	0.0320366	0.0320366
Enh863	391	391	234.016	0.598505	0.598505
Enh864	741	741	89.1322	0.120286	0.120286
Enh866	584	584	74.0626	0.12682	0.12682
Enh867	310	310	21.0652	0.0679522	0.0679522
Enh869	448	448	71.7961	0.160259	0.160259
Enh870	408	408	62.7497	0.153798	0.153798
Enh871	347	347	24.5141	0.0706457	0.0706457
Enh872	254	254	14.4893	0.0570444	0.0570444
Enh874	320	320	9.52287	0.029759	0.029759
Enh875	674	674	19.0014	0.028192	0.028192
Enh876	655	655	21.4533	0.0327531	0.0327531
Enh877	1131	1131	231.17	0.204394	0.204394
Enh878	459	459	83.4191	0.181741	0.181741
Enh879	387	387	30.4131	0.0785869	0.0785869
Enh880	277	277	104.038	0.37559	0.37559
Enh882	507	507	211.967	0.41808	0.41808
Enh884	329	329	78.8731	0.239736	0.239736
Enh886	227	227	110.815	0.488173	0.488173
Enh887	240	240	721.787	3.00745	3.00745
Enh888	205	205	116.276	0.5672	0.5672
Enh889	442	442	42.11	0.0952714	0.0952714
Enh890	253	253	56.3153	0.22259	0.22259
Enh892	283	283	23.8949	0.0844344	0.0844344
Enh893	208	208	29.3606	0.141157	0.141157
Enh894	407	407	123.112	0.302486	0.302486
Enh895	423	423	279.816	0.661503	0.661503
Enh896	455	455	59.0763	0.129838	0.129838
Enh897	211	211	17.0674	0.0808882	0.0808882
Enh898	550	550	63.7588	0.115925	0.115925
Enh899	262	262	7.09562	0.0270825	0.0270825
Enh900	622	622	26.3176	0.0423112	0.0423112
Enh901	210	210	36.8668	0.175556	0.175556
Enh903	556	556	164.081	0.29511	0.29511
Enh906	246	246	56.4186	0.229344	0.229344
Enh907	450	450	44.6958	0.0993241	0.0993241
Enh908	210	210	49.9639	0.237923	0.237923
Enh909	276	276	91.1313	0.330186	0.330186
Enh910	217	217	22.1211	0.10194	0.10194
Enh911	284	284	22.8579	0.0804856	0.0804856
Enh912	324	324	26.2232	0.0809356	0.0809356
Enh913	651	651	37.101	0.0569907	0.0569907
Enh916	426	426	49.2462	0.115601	0.115601
Enh917	501	501	12.2585	0.024468	0.024468
Enh919	505	505	9.38679	0.0185877	0.0185877
Enh920	229	229	24.6117	0.107475	0.107475
Enh922	289	289	155.91	0.539482	0.539482
Enh923	495	495	95.8896	0.193716	0.193716
Enh924	315	315	43.9764	0.139608	0.139608
Enh925	322	322	95.3445	0.296101	0.296101
Enh926	499	499	28.3637	0.056841	0.056841
Enh927	357	357	35.5701	0.099636	0.099636
Enh929	358	358	40.6643	0.113588	0.113588
Enh932	314	314	35.8992	0.114329	0.114329
Enh933	347	347	13.4964	0.0388946	0.0388946
Enh936	521	521	77.6781	0.149094	0.149094
Enh937	726	726	234.214	0.322609	0.322609
Enh938	269	269	42.803	0.159119	0.159119
Enh939	267	267	136.244	0.510278	0.510278
Enh940	386	386	65.6566	0.170095	0.170095
Enh941	351	351	158.062	0.450318	0.450318
Enh942	340	340	13.5234	0.0397748	0.0397748
Enh944	234	234	18.1118	0.0774008	0.0774008
Enh945	204	204	85.9576	0.421361	0.421361
Enh946	271	271	20.4588	0.0754939	0.0754939
Enh947	524	524	85.2381	0.162668	0.162668
Enh948	210	210	35.8259	0.170599	0.170599
Enh949	262	262	124.616	0.475634	0.475634
Enh951	535	535	82.2646	0.153766	0.153766
Enh952	534	534	80.717	0.151156	0.151156
Enh954	298	298	41.5577	0.139455	0.139455
Enh955	491	491	106.711	0.217334	0.217334
Enh956	431	431	26.8196	0.0622265	0.0622265
Enh957	441	441	127.073	0.288148	0.288148
Enh958	652	652	47.094	0.07223	0.07223
Enh959	247	247	17.3993	0.0704426	0.0704426
Enh960	243	243	55.9803	0.230372	0.230372
Enh963	239	239	15.4148	0.0644972	0.0644972
Enh965	581	581	1348.41	2.32085	2.32085
Enh966	339	339	5.11925	0.015101	0.015101
Enh968	453	453	8.61366	0.0190147	0.0190147
Enh969	237	237	29.6943	0.125292	0.125292
Enh971	378	378	9.22898	0.0244153	0.0244153
Enh972	256	256	191.772	0.749108	0.749108
Enh973	222	222	143.313	0.645553	0.645553
Enh974	266	266	38.3358	0.14412	0.14412
Enh975	247	247	30.1421	0.122033	0.122033
Enh977	388	388	42.6886	0.110022	0.110022
Enh978	235	235	13.5663	0.0577289	0.0577289
Enh979	717	717	103.444	0.144273	0.144273
Enh147	126	126	5.55725	0.0441052	0.0441052
Enh151	147	147	102.238	0.695497	0.695497
Enh152	170	170	9.17086	0.0539462	0.0539462
Enh156	154	154	4.3928	0.0285247	0.0285247
Enh158	161	161	19.1902	0.119194	0.119194
Enh159	153	153	5.07194	0.0331499	0.0331499
Enh165	196	196	63.6548	0.324769	0.324769
Enh173	164	164	27.9613	0.170496	0.170496
Enh174	100	100	3.05157	0.0305157	0.0305157
Enh175	189	189	154.981	0.820005	0.820005
Enh108	180	180	178.341	0.990785	0.990785
Enh111	104	104	37.5999	0.361538	0.361538
Enh112	194	194	91.4317	0.471297	0.471297
Enh120	140	140	42.8615	0.306153	0.306153
Enh199	147	147	43.1849	0.293775	0.293775
Enh215	111	111	14.2013	0.12794	0.12794
Enh218	197	197	5.88616	0.029879	0.029879
Enh224	114	114	3.85373	0.0338046	0.0338046
Enh228	119	119	19.1526	0.160947	0.160947
Enh231	129	129	23.6956	0.183687	0.183687
Enh234	188	188	15.9095	0.0846248	0.0846248
Enh238	140	140	38.9967	0.278548	0.278548
Enh242	152	152	144.931	0.95349	0.95349
Enh243	146	146	16.1298	0.110478	0.110478
Enh246	186	186	87.6143	0.471045	0.471045
Enh179	187	187	5.48706	0.0293426	0.0293426
Enh184	178	178	181.713	1.02086	1.02086
Enh186	152	152	10.9516	0.0720503	0.0720503
Enh193	136	136	158.728	1.16712	1.16712
Enh281	193	193	45.7792	0.237198	0.237198
Enh284	198	198	2.6066	0.0131646	0.0131646
Enh260	87	87	32.2093	0.370221	0.370221
Enh261	151	151	103.742	0.687034	0.687034
Enh262	111	111	13.7082	0.123497	0.123497
Enh263	181	181	39.5766	0.218655	0.218655
Enh264	105	105	4.81279	0.0458361	0.0458361
Enh265	129	129	2.8177	0.0218426	0.0218426
Enh269	179	179	14.6606	0.0819025	0.0819025
Enh277	175	175	17.8602	0.102058	0.102058
Enh289	140	140	100.018	0.714412	0.714412
Enh73	176	176	87.7558	0.498612	0.498612
Enh105	112	112	5.02681	0.0448822	0.0448822
Enh106	147	147	7.89794	0.0537275	0.0537275
Enh35	123	123	3.02829	0.0246202	0.0246202
Enh44	199	199	5.6102	0.028192	0.028192
Enh62	191	191	49.0096	0.256595	0.256595
Enh74	133	133	8.098	0.0608872	0.0608872
Enh77	178	178	4.54744	0.0255474	0.0255474
Enh80	200	200	365.934	1.82967	1.82967
Enh88	191	191	15.367	0.0804553	0.0804553
Enh94	169	169	48.8333	0.288954	0.288954
Enh97	191	191	4.99018	0.0261266	0.0261266
Enh3	170	170	6.72143	0.0395378	0.0395378
Enh4	123	123	4.47753	0.0364027	0.0364027
Enh11	190	190	12.4317	0.0654301	0.0654301
Enh12	190	190	7.94361	0.0418085	0.0418085
Enh14	150	150	22.5351	0.150234	0.150234
Enh16	168	168	9.11917	0.0542808	0.0542808
Enh19	160	160	253.801	1.58625	1.58625
Enh20	178	178	22.0981	0.124146	0.124146
Enh21	185	185	17.5006	0.0945977	0.0945977
Enh22	200	200	4.40053	0.0220027	0.0220027
Enh26	192	192	39.9053	0.20784	0.20784
Enh30	176	176	80.0803	0.455002	0.455002
Enh38	174	174	1.28414	0.00738011	0.00738011
Enh41	139	139	4.99909	0.0359647	0.0359647
Enh57	156	156	2.16513	0.013879	0.013879
Enh145	151	151	24.2038	0.16029	0.16029
Enh129	161	161	29.4324	0.18281	0.18281
Enh132	137	137	7.3515	0.0536606	0.0536606
Enh133	147	147	103.627	0.704948	0.704948
Enh135	98	98	8.73357	0.0891181	0.0891181
Enh137	117	117	116.577	0.996381	0.996381
Enh138	157	157	30.2784	0.192856	0.192856
Enh140	186	186	13.1317	0.0706003	0.0706003
Enh141	147	147	3.84483	0.0261553	0.0261553
Enh290	167	167	204.785	1.22626	1.22626
Enh305	194	194	4.14682	0.0213754	0.0213754
Enh307	153	153	203.27	1.32856	1.32856
Enh314	185	185	47.6832	0.257747	0.257747
Enh285	190	190	8.49107	0.0446898	0.0446898
Enh325	189	189	27.391	0.144926	0.144926
Enh341	109	109	3.18022	0.0291763	0.0291763
Enh345	159	159	117.138	0.736717	0.736717
Enh323	186	186	367.63	1.9765	1.9765
Enh364	181	181	64.2373	0.354902	0.354902
Enh371	191	191	28.123	0.147241	0.147241
Enh373	164	164	100.103	0.610384	0.610384
Enh384	160	160	14.1828	0.0886422	0.0886422
Enh385	177	177	326.503	1.84465	1.84465
Enh386	197	197	26.0209	0.132086	0.132086
Enh390	165	165	20.1606	0.122185	0.122185
Enh349	192	192	16.1945	0.0843461	0.0843461
Enh354	119	119	10.953	0.0920418	0.0920418
Enh417	147	147	6.69659	0.045555	0.045555
Enh398	197	197	25.6275	0.130089	0.130089
Enh400	149	149	3.71338	0.024922	0.024922
Enh403	195	195	237.652	1.21873	1.21873
Enh404	176	176	3.56887	0.0202777	0.0202777
Enh418	174	174	111.789	0.642468	0.642468
Enh428	96	96	3.11726	0.0324715	0.0324715
Enh432	188	188	14.7566	0.0784924	0.0784924
Enh434	156	156	17.503	0.112199	0.112199
Enh435	191	191	113.771	0.595658	0.595658
Enh442	199	199	16.7384	0.0841128	0.0841128
Enh445	164	164	1.6137	0.00983963	0.00983963
Enh452	199	199	82.6826	0.415491	0.415491
Enh455	184	184	6.30381	0.0342598	0.0342598
Enh461	168	168	34.9989	0.208327	0.208327
Enh500	145	145	15.7255	0.108452	0.108452
Enh501	195	195	16.6487	0.0853777	0.0853777
Enh472	91	91	11.8655	0.13039	0.13039
Enh474	118	118	0.96371	0.00816703	0.00816703
Enh484	178	178	22.7581	0.127854	0.127854
Enh489	182	182	29.2902	0.160935	0.160935
Enh496	157	157	8.28302	0.0527581	0.0527581
Enh551	131	131	100.483	0.767046	0.767046
Enh555	174	174	38.2731	0.21996	0.21996
Enh571	107	107	3.31526	0.0309837	0.0309837
Enh578	146	146	8.63111	0.0591172	0.0591172
Enh584	104	104	233.432	2.24453	2.24453
Enh587	142	142	26.0298	0.183309	0.183309
Enh510	191	191	11.5713	0.0605826	0.0605826
Enh514	150	150	17.5676	0.117118	0.117118
Enh516	173	173	41.2998	0.238727	0.238727
Enh525	198	198	15.4083	0.0778195	0.0778195
Enh532	160	160	10.4003	0.0650018	0.0650018
Enh540	180	180	22.183	0.123239	0.123239
Enh590	160	160	120.281	0.751757	0.751757
Enh594	170	170	5.27036	0.0310021	0.0310021
Enh598	185	185	6.46726	0.0349582	0.0349582
Enh599	195	195	72.8717	0.373701	0.373701
Enh610	199	199	45.6559	0.229427	0.229427
Enh611	166	166	6.94437	0.0418336	0.0418336
Enh612	170	170	63.2792	0.372231	0.372231
Enh619	184	184	53.1111	0.288647	0.288647
Enh622	120	120	46.3636	0.386363	0.386363
Enh633	151	151	13.7957	0.0913625	0.0913625
Enh642	146	146	18.6792	0.12794	0.12794
Enh643	95	95	12.1543	0.12794	0.12794
Enh645	192	192	644.396	3.35623	3.35623
Enh665	127	127	14.622	0.115134	0.115134
Enh673	156	156	7.82004	0.0501285	0.0501285
Enh701	170	170	143.996	0.847033	0.847033
Enh703	141	141	5.86269	0.0415794	0.0415794
Enh656	153	153	2.87197	0.018771	0.018771
Enh658	147	147	16.9243	0.115131	0.115131
Enh659	129	129	112.761	0.874113	0.874113
Enh662	161	161	13.724	0.0852423	0.0852423
Enh670	196	196	372.075	1.89834	1.89834
Enh684	161	161	4.09886	0.0254588	0.0254588
Enh694	148	148	202.525	1.36842	1.36842
Enh696	176	176	2.69665	0.0153219	0.0153219
Enh697	195	195	13.8453	0.0710014	0.0710014
Enh735	194	194	6.84711	0.0352944	0.0352944
Enh740	195	195	3.20979	0.0164605	0.0164605
Enh715	193	193	16.4726	0.0853501	0.0853501
Enh726	117	117	86.9185	0.742893	0.742893
Enh716	161	161	34.4926	0.21424	0.21424
Enh760	187	187	37.4301	0.200161	0.200161
Enh764	181	181	57.4643	0.317482	0.317482
Enh768	186	186	37.4963	0.201593	0.201593
Enh742	166	166	106.685	0.642682	0.642682
Enh748	191	191	32.0984	0.168054	0.168054
Enh749	150	150	55.277	0.368514	0.368514
Enh752	196	196	15.4394	0.0787722	0.0787722
Enh753	180	180	14.3615	0.0797861	0.0797861
Enh803	150	150	2.70348	0.0180232	0.0180232
Enh804	198	198	6.36437	0.0321433	0.0321433
Enh806	112	112	16.57	0.147946	0.147946
Enh808	107	107	22.4404	0.209724	0.209724
Enh815	153	153	5.69997	0.0372547	0.0372547
Enh816	136	136	7.67466	0.0564313	0.0564313
Enh820	188	188	4.12658	0.0219499	0.0219499
Enh825	192	192	220.832	1.15017	1.15017
Enh827	195	195	574.579	2.94656	2.94656
Enh828	179	179	107.228	0.599039	0.599039
Enh781	187	187	42.2175	0.225762	0.225762
Enh783	186	186	136.946	0.736269	0.736269
Enh786	181	181	19.2972	0.106614	0.106614
Enh787	140	140	2.89338	0.020667	0.020667
Enh788	113	113	0.67696	0.0059908	0.0059908
Enh790	133	133	13.9942	0.10522	0.10522
Enh791	152	152	49.8722	0.328107	0.328107
Enh857	134	134	17.144	0.12794	0.12794
Enh859	161	161	145.591	0.904294	0.904294
Enh865	171	171	2.11245	0.0123535	0.0123535
Enh830	156	156	14.3017	0.0916778	0.0916778
Enh841	193	193	9.07818	0.0470372	0.0470372
Enh843	155	155	55.3265	0.356945	0.356945
Enh844	169	169	136.204	0.805942	0.805942
Enh850	159	159	18.3342	0.11531	0.11531
Enh902	155	155	4.22609	0.0272651	0.0272651
Enh904	183	183	32.1335	0.175593	0.175593
Enh905	161	161	48.5419	0.301502	0.301502
Enh868	94	94	4.69677	0.0499656	0.0499656
Enh873	172	172	56.7733	0.330078	0.330078
Enh881	165	165	247.157	1.49792	1.49792
Enh883	184	184	44.7623	0.243273	0.243273
Enh885	156	156	82.586	0.529397	0.529397
Enh961	185	185	6.83477	0.0369447	0.0369447
Enh962	184	184	7.28127	0.0395721	0.0395721
Enh964	167	167	120.561	0.721922	0.721922
Enh967	171	171	64.7509	0.37866	0.37866
Enh970	153	153	28.6611	0.187327	0.187327
Enh914	138	138	12.8283	0.0929585	0.0929585
Enh915	196	196	7.86707	0.0401381	0.0401381
Enh928	90	90	31.2368	0.347075	0.347075
Enh930	145	145	5.93226	0.0409121	0.0409121
Enh931	175	175	15.9327	0.091044	0.091044
Enh934	118	118	17.7872	0.150739	0.150739
Enh935	121	121	10.7611	0.0889346	0.0889346
Enh943	162	162	15.8611	0.097908	0.097908
Enh950	147	147	38.7619	0.263686	0.263686
Enh976	175	175	22.1044	0.126311	0.126311
