Enh1	295	295	130.737	0.443177	0.443177
Enh2	332	332	79.4078	0.23918	0.23918
Enh5	293	293	199.234	0.679981	0.679981
Enh6	279	279	458.442	1.64316	1.64316
Enh7	294	294	132.729	0.451458	0.451458
Enh8	233	233	55.7289	0.23918	0.23918
Enh9	583	583	297.259	0.509878	0.509878
Enh10	264	264	237.468	0.899499	0.899499
Enh13	420	420	100.456	0.23918	0.23918
Enh15	287	287	68.6447	0.23918	0.23918
Enh17	334	334	35.7976	0.107178	0.107178
Enh18	231	231	76.7418	0.332216	0.332216
Enh23	711	711	209.764	0.295026	0.295026
Enh24	205	205	32.4473	0.158279	0.158279
Enh25	260	260	106.385	0.409174	0.409174
Enh27	330	330	76.2466	0.23105	0.23105
Enh28	302	302	109.554	0.362762	0.362762
Enh29	212	212	176.385	0.832004	0.832004
Enh31	405	405	159.518	0.393871	0.393871
Enh32	460	460	114.87	0.249718	0.249718
Enh33	468	468	373.906	0.798944	0.798944
Enh34	277	277	152.321	0.549895	0.549895
Enh36	411	411	208.987	0.508484	0.508484
Enh37	642	642	318.951	0.496808	0.496808
Enh39	214	214	35.0278	0.163681	0.163681
Enh40	700	700	172.978	0.247112	0.247112
Enh42	735	735	332.406	0.452253	0.452253
Enh43	302	302	72.2324	0.23918	0.23918
Enh45	436	436	119.65	0.274426	0.274426
Enh46	671	671	169.457	0.252544	0.252544
Enh47	384	384	87.8964	0.228897	0.228897
Enh48	561	561	113.539	0.202387	0.202387
Enh49	429	429	192.399	0.448481	0.448481
Enh50	1039	1039	455.556	0.438457	0.438457
Enh51	450	450	763.814	1.69737	1.69737
Enh52	246	246	58.8383	0.23918	0.23918
Enh53	755	755	254.293	0.336812	0.336812
Enh54	329	329	78.6902	0.23918	0.23918
Enh55	449	449	189.991	0.423143	0.423143
Enh56	470	470	447.408	0.951933	0.951933
Enh58	475	475	170.801	0.35958	0.35958
Enh59	220	220	110.887	0.504033	0.504033
Enh60	257	257	98.4146	0.382936	0.382936
Enh61	335	335	137.249	0.409699	0.409699
Enh63	335	335	522.905	1.56091	1.56091
Enh64	858	858	205.242	0.239209	0.239209
Enh65	494	494	118.155	0.23918	0.23918
Enh66	237	237	56.6857	0.23918	0.23918
Enh67	403	403	90.6458	0.224928	0.224928
Enh68	677	677	371.59	0.548877	0.548877
Enh69	537	537	120.835	0.225018	0.225018
Enh70	831	831	429.136	0.516409	0.516409
Enh71	376	376	449.624	1.19581	1.19581
Enh72	295	295	1820.81	6.17225	6.17225
Enh75	827	827	894.86	1.08206	1.08206
Enh76	298	298	115.318	0.386974	0.386974
Enh78	400	400	92.2472	0.230618	0.230618
Enh79	532	532	191.348	0.359678	0.359678
Enh81	608	608	346.557	0.569996	0.569996
Enh84	523	523	118.698	0.226956	0.226956
Enh85	427	427	99.6712	0.233422	0.233422
Enh86	204	204	47.5514	0.233095	0.233095
Enh87	238	238	303.956	1.27713	1.27713
Enh89	452	452	187.2	0.414158	0.414158
Enh90	398	398	178.188	0.447709	0.447709
Enh91	495	495	94.7651	0.191445	0.191445
Enh92	248	248	59.1639	0.238564	0.238564
Enh93	275	275	164.938	0.599776	0.599776
Enh95	330	330	51.1754	0.155077	0.155077
Enh96	251	251	93.2315	0.37144	0.37144
Enh98	271	271	50.2766	0.185523	0.185523
Enh99	540	540	209.366	0.387715	0.387715
Enh100	269	269	58.7061	0.218238	0.218238
Enh101	506	506	102.619	0.202803	0.202803
Enh102	780	780	250.331	0.320937	0.320937
Enh103	389	389	207.224	0.53271	0.53271
Enh104	516	516	283.934	0.550259	0.550259
Enh107	501	501	127.992	0.255473	0.255473
Enh109	244	244	58.3599	0.23918	0.23918
Enh110	263	263	257.506	0.979111	0.979111
Enh113	392	392	169.511	0.432427	0.432427
Enh114	465	465	95.435	0.205236	0.205236
Enh115	380	380	89.1111	0.234503	0.234503
Enh116	228	228	109.581	0.480619	0.480619
Enh117	423	423	101.173	0.23918	0.23918
Enh118	207	207	85.4896	0.412993	0.412993
Enh119	286	286	55.9422	0.195602	0.195602
Enh121	533	533	126.792	0.237883	0.237883
Enh122	408	408	288.091	0.706104	0.706104
Enh123	555	555	169.863	0.30606	0.30606
Enh124	455	455	84.332	0.185345	0.185345
Enh125	245	245	121.713	0.496786	0.496786
Enh126	234	234	55.9681	0.23918	0.23918
Enh127	283	283	260.303	0.919799	0.919799
Enh128	419	419	100.216	0.23918	0.23918
Enh130	293	293	250.047	0.853403	0.853403
Enh131	339	339	272.872	0.804933	0.804933
Enh134	558	558	133.462	0.23918	0.23918
Enh136	293	293	33.5502	0.114506	0.114506
Enh139	263	263	214.07	0.813956	0.813956
Enh142	220	220	50.7577	0.230717	0.230717
Enh143	518	518	107.039	0.20664	0.20664
Enh144	445	445	184.421	0.41443	0.41443
Enh146	398	398	244.681	0.614776	0.614776
Enh148	611	611	145.049	0.237396	0.237396
Enh149	696	696	277.782	0.399112	0.399112
Enh150	425	425	407.487	0.958793	0.958793
Enh153	406	406	353.474	0.870625	0.870625
Enh154	617	617	134.824	0.218516	0.218516
Enh155	284	284	969.428	3.41348	3.41348
Enh157	384	384	235.631	0.613622	0.613622
Enh160	267	267	74.5392	0.279173	0.279173
Enh161	219	219	197.528	0.901954	0.901954
Enh162	393	393	80.8833	0.20581	0.20581
Enh163	220	220	138.346	0.628845	0.628845
Enh164	306	306	76.6615	0.250528	0.250528
Enh166	239	239	78.7948	0.329685	0.329685
Enh167	589	589	123.052	0.208916	0.208916
Enh168	590	590	351.349	0.595507	0.595507
Enh169	508	508	162.303	0.319495	0.319495
Enh170	294	294	134.084	0.456067	0.456067
Enh171	236	236	215.956	0.91507	0.91507
Enh172	430	430	61.7195	0.143534	0.143534
Enh176	502	502	163.983	0.326659	0.326659
Enh177	405	405	143.412	0.354104	0.354104
Enh178	263	263	152.95	0.58156	0.58156
Enh180	858	858	1149.8	1.34009	1.34009
Enh181	241	241	127.525	0.52915	0.52915
Enh182	449	449	164.45	0.366258	0.366258
Enh183	278	278	64.2972	0.231285	0.231285
Enh185	632	632	310.091	0.490651	0.490651
Enh187	319	319	177.183	0.555432	0.555432
Enh188	886	886	359.084	0.405287	0.405287
Enh189	770	770	184.169	0.23918	0.23918
Enh190	247	247	306.995	1.24289	1.24289
Enh191	266	266	134.307	0.504914	0.504914
Enh192	369	369	86.8938	0.235485	0.235485
Enh194	600	600	181.484	0.302474	0.302474
Enh195	457	457	166.085	0.363424	0.363424
Enh196	308	308	163.173	0.529782	0.529782
Enh197	210	210	56.7531	0.270253	0.270253
Enh198	547	547	985.279	1.80124	1.80124
Enh200	888	888	432.664	0.487234	0.487234
Enh201	331	331	109.226	0.329988	0.329988
Enh202	306	306	296.045	0.967469	0.967469
Enh203	292	292	200.239	0.68575	0.68575
Enh204	350	350	82.2282	0.234938	0.234938
Enh205	370	370	117.519	0.317618	0.317618
Enh206	264	264	108.19	0.409811	0.409811
Enh207	412	412	151.93	0.368761	0.368761
Enh208	858	858	423.342	0.493405	0.493405
Enh209	517	517	118.154	0.228537	0.228537
Enh210	381	381	80.3369	0.210858	0.210858
Enh211	219	219	117.351	0.535851	0.535851
Enh212	310	310	73.6745	0.23766	0.23766
Enh213	203	203	48.5535	0.23918	0.23918
Enh214	256	256	61.2301	0.23918	0.23918
Enh216	260	260	62.1868	0.23918	0.23918
Enh217	699	699	5023.27	7.18637	7.18637
Enh219	609	609	339.603	0.55764	0.55764
Enh220	235	235	206.347	0.878074	0.878074
Enh221	256	256	61.2301	0.23918	0.23918
Enh222	476	476	113.493	0.238431	0.238431
Enh223	792	792	610.605	0.770965	0.770965
Enh225	206	206	145.57	0.706649	0.706649
Enh226	288	288	241.623	0.838969	0.838969
Enh227	654	654	149.981	0.229329	0.229329
Enh229	225	225	53.8155	0.23918	0.23918
Enh230	492	492	297.213	0.60409	0.60409
Enh232	495	495	180.989	0.365634	0.365634
Enh233	1116	1116	684.324	0.613194	0.613194
Enh235	229	229	173.79	0.75891	0.75891
Enh236	423	423	87.3887	0.206593	0.206593
Enh237	367	367	171.778	0.468061	0.468061
Enh239	756	756	2062.4	2.72804	2.72804
Enh240	348	348	1788.18	5.13845	5.13845
Enh241	748	748	271.57	0.363062	0.363062
Enh244	542	542	133.534	0.246372	0.246372
Enh245	261	261	589.517	2.25869	2.25869
Enh247	312	312	113.508	0.363808	0.363808
Enh248	408	408	249.671	0.61194	0.61194
Enh249	207	207	41.3003	0.199518	0.199518
Enh250	408	408	227.913	0.55861	0.55861
Enh251	453	453	158.012	0.348812	0.348812
Enh252	368	368	47.492	0.129054	0.129054
Enh253	234	234	145.59	0.622179	0.622179
Enh254	562	562	134.419	0.23918	0.23918
Enh255	204	204	33.3149	0.163308	0.163308
Enh256	459	459	109.386	0.238314	0.238314
Enh257	240	240	46.2457	0.19269	0.19269
Enh258	224	224	139.337	0.622038	0.622038
Enh259	587	587	219.424	0.373806	0.373806
Enh266	606	606	111.282	0.183634	0.183634
Enh267	279	279	275.768	0.988417	0.988417
Enh268	352	352	259.29	0.736619	0.736619
Enh270	519	519	251.386	0.484367	0.484367
Enh271	463	463	391.329	0.845204	0.845204
Enh272	243	243	106.296	0.437434	0.437434
Enh273	528	528	98.478	0.186511	0.186511
Enh274	897	897	1315.09	1.4661	1.4661
Enh275	375	375	86.938	0.231835	0.231835
Enh276	490	490	108.475	0.221378	0.221378
Enh278	243	243	1801.01	7.41156	7.41156
Enh280	819	819	1996.36	2.43756	2.43756
Enh282	314	314	1502.79	4.78594	4.78594
Enh283	360	360	257.897	0.716381	0.716381
Enh286	684	684	160.444	0.234567	0.234567
Enh287	451	451	107.87	0.23918	0.23918
Enh288	234	234	286.069	1.22252	1.22252
Enh291	792	792	432.789	0.546451	0.546451
Enh292	243	243	66.5467	0.273855	0.273855
Enh293	384	384	97.4616	0.253806	0.253806
Enh294	211	211	99.6684	0.472362	0.472362
Enh295	252	252	403.138	1.59975	1.59975
Enh296	397	397	164.108	0.413371	0.413371
Enh297	753	753	329.606	0.437723	0.437723
Enh298	235	235	119.561	0.508771	0.508771
Enh299	605	605	172.449	0.285039	0.285039
Enh300	863	863	258.268	0.299268	0.299268
Enh301	248	248	58.5103	0.235929	0.235929
Enh302	313	313	70.0661	0.223853	0.223853
Enh303	265	265	114.473	0.431974	0.431974
Enh304	684	684	141.045	0.206206	0.206206
Enh306	395	395	90.3251	0.228671	0.228671
Enh308	1110	1110	264.314	0.238121	0.238121
Enh309	857	857	339.623	0.396293	0.396293
Enh310	221	221	151.429	0.685198	0.685198
Enh311	530	530	110.085	0.207708	0.207708
Enh312	263	263	124.083	0.471798	0.471798
Enh313	228	228	44.848	0.196702	0.196702
Enh315	215	215	373.323	1.73639	1.73639
Enh316	468	468	111.936	0.23918	0.23918
Enh317	276	276	89.8142	0.325414	0.325414
Enh318	204	204	65.2549	0.319877	0.319877
Enh319	540	540	675.813	1.25151	1.25151
Enh320	473	473	573.37	1.2122	1.2122
Enh321	511	511	212.977	0.416784	0.416784
Enh322	291	291	69.6014	0.23918	0.23918
Enh324	281	281	124.805	0.444148	0.444148
Enh327	504	504	938.304	1.86171	1.86171
Enh328	286	286	137.411	0.480459	0.480459
Enh329	289	289	69.123	0.23918	0.23918
Enh330	556	556	197.612	0.355418	0.355418
Enh331	208	208	78.4402	0.377116	0.377116
Enh332	338	338	218.069	0.645175	0.645175
Enh333	324	324	237.075	0.731714	0.731714
Enh334	713	713	206.557	0.289702	0.289702
Enh335	318	318	296.588	0.932667	0.932667
Enh336	571	571	1629.48	2.85372	2.85372
Enh337	458	458	109.544	0.23918	0.23918
Enh338	832	832	164.646	0.197892	0.197892
Enh339	211	211	93.868	0.444872	0.444872
Enh340	822	822	313.867	0.381833	0.381833
Enh342	287	287	42.5068	0.148107	0.148107
Enh343	349	349	153.792	0.440665	0.440665
Enh344	309	309	121.165	0.39212	0.39212
Enh346	351	351	68.0307	0.19382	0.19382
Enh347	316	316	216.626	0.685524	0.685524
Enh348	315	315	166.301	0.52794	0.52794
Enh350	257	257	61.4693	0.23918	0.23918
Enh351	332	332	79.4078	0.23918	0.23918
Enh352	302	302	112.948	0.373998	0.373998
Enh353	359	359	45.7966	0.127567	0.127567
Enh355	293	293	94.2468	0.321661	0.321661
Enh356	703	703	313.618	0.446114	0.446114
Enh357	216	216	63.5564	0.294243	0.294243
Enh358	699	699	1256.66	1.79779	1.79779
Enh359	691	691	278.651	0.403258	0.403258
Enh360	501	501	212.024	0.423202	0.423202
Enh361	297	297	180.836	0.608877	0.608877
Enh362	551	551	376.463	0.683235	0.683235
Enh363	636	636	217.815	0.342477	0.342477
Enh365	369	369	71.2012	0.192957	0.192957
Enh366	456	456	186.25	0.408442	0.408442
Enh367	561	561	344.491	0.614066	0.614066
Enh368	431	431	128.137	0.297301	0.297301
Enh369	316	316	75.5809	0.23918	0.23918
Enh370	718	718	220.756	0.30746	0.30746
Enh372	230	230	38.9751	0.169457	0.169457
Enh374	713	713	165.835	0.232587	0.232587
Enh375	323	323	67.8233	0.209979	0.209979
Enh376	541	541	92.4543	0.170895	0.170895
Enh377	351	351	158.389	0.451252	0.451252
Enh378	283	283	170.573	0.602732	0.602732
Enh379	232	232	120.988	0.521499	0.521499
Enh380	285	285	60.0071	0.210551	0.210551
Enh381	323	323	76.1138	0.235647	0.235647
Enh382	247	247	96.7973	0.391892	0.391892
Enh383	231	231	55.2506	0.23918	0.23918
Enh387	475	475	1931.79	4.06692	4.06692
Enh388	236	236	826.724	3.50307	3.50307
Enh389	685	685	2454.39	3.58305	3.58305
Enh391	447	447	106.913	0.23918	0.23918
Enh392	248	248	59.3166	0.23918	0.23918
Enh393	295	295	70.5581	0.23918	0.23918
Enh394	430	430	102.847	0.23918	0.23918
Enh395	203	203	40.2068	0.198063	0.198063
Enh396	364	364	87.0615	0.23918	0.23918
Enh397	241	241	92.7983	0.385055	0.385055
Enh399	309	309	143.102	0.463112	0.463112
Enh401	242	242	98.5927	0.407408	0.407408
Enh402	236	236	56.4465	0.23918	0.23918
Enh405	472	472	156.49	0.331546	0.331546
Enh406	452	452	1602.11	3.5445	3.5445
Enh407	224	224	238.884	1.06645	1.06645
Enh408	407	407	212.497	0.522105	0.522105
Enh409	404	404	186.379	0.461334	0.461334
Enh410	529	529	498.66	0.942646	0.942646
Enh411	246	246	145.56	0.591706	0.591706
Enh412	556	556	260.878	0.469206	0.469206
Enh413	259	259	58.6215	0.226338	0.226338
Enh414	429	429	193.909	0.452002	0.452002
Enh415	279	279	191.367	0.685905	0.685905
Enh416	442	442	79.6147	0.180124	0.180124
Enh419	207	207	62.5045	0.301954	0.301954
Enh420	351	351	121.915	0.347337	0.347337
Enh421	603	603	223.947	0.371388	0.371388
Enh422	459	459	103.591	0.225688	0.225688
Enh423	898	898	497.84	0.554387	0.554387
Enh424	483	483	149.837	0.310221	0.310221
Enh425	240	240	57.4032	0.23918	0.23918
Enh426	240	240	57.4032	0.23918	0.23918
Enh427	577	577	289.074	0.500995	0.500995
Enh429	612	612	238.808	0.390209	0.390209
Enh430	799	799	190.71	0.238686	0.238686
Enh431	411	411	145.77	0.354672	0.354672
Enh433	321	321	104.713	0.326209	0.326209
Enh436	237	237	48.9616	0.206589	0.206589
Enh437	304	304	194.804	0.640802	0.640802
Enh438	780	780	160.145	0.205313	0.205313
Enh439	262	262	58.4766	0.223193	0.223193
Enh440	375	375	120.023	0.320061	0.320061
Enh441	299	299	71.5148	0.23918	0.23918
Enh443	343	343	82.0387	0.23918	0.23918
Enh444	265	265	37.123	0.140087	0.140087
Enh446	291	291	257.859	0.886114	0.886114
Enh447	261	261	62.426	0.23918	0.23918
Enh448	807	807	209.947	0.260157	0.260157
Enh449	242	242	1011.39	4.17928	4.17928
Enh450	591	591	1092.34	1.84829	1.84829
Enh451	256	256	577.548	2.25605	2.25605
Enh453	276	276	612.179	2.21804	2.21804
Enh454	230	230	94.717	0.411813	0.411813
Enh456	525	525	1589.61	3.02783	3.02783
Enh457	265	265	63.3827	0.23918	0.23918
Enh458	237	237	56.5711	0.238697	0.238697
Enh459	520	520	124.374	0.23918	0.23918
Enh460	664	664	172.866	0.26034	0.26034
Enh462	401	401	50.3991	0.125683	0.125683
Enh463	209	209	103.4	0.494737	0.494737
Enh464	310	310	201.968	0.651508	0.651508
Enh465	270	270	64.5786	0.23918	0.23918
Enh466	286	286	77.2964	0.270267	0.270267
Enh467	223	223	53.3371	0.23918	0.23918
Enh468	453	453	1748.06	3.85886	3.85886
Enh469	408	408	1875.63	4.59712	4.59712
Enh470	222	222	53.098	0.23918	0.23918
Enh471	306	306	73.1891	0.23918	0.23918
Enh473	299	299	150.346	0.50283	0.50283
Enh475	565	565	259.349	0.459024	0.459024
Enh476	252	252	60.2734	0.23918	0.23918
Enh477	412	412	152.685	0.370594	0.370594
Enh478	570	570	136.333	0.23918	0.23918
Enh479	259	259	826.872	3.19256	3.19256
Enh480	363	363	350.241	0.96485	0.96485
Enh481	306	306	1401.49	4.58002	4.58002
Enh482	494	494	152.213	0.308123	0.308123
Enh483	430	430	157.127	0.365412	0.365412
Enh485	500	500	119.399	0.238798	0.238798
Enh486	299	299	71.5148	0.23918	0.23918
Enh487	856	856	254.977	0.29787	0.29787
Enh488	283	283	536.713	1.89651	1.89651
Enh490	572	572	136.404	0.238468	0.238468
Enh491	241	241	81.2655	0.337201	0.337201
Enh492	939	939	274.811	0.292663	0.292663
Enh493	300	300	106.961	0.356536	0.356536
Enh494	271	271	207.162	0.764435	0.764435
Enh495	302	302	132.049	0.437248	0.437248
Enh497	269	269	118.205	0.439423	0.439423
Enh498	472	472	178.306	0.377768	0.377768
Enh499	509	509	1401.19	2.75284	2.75284
Enh502	265	265	245.195	0.925263	0.925263
Enh503	852	852	331.197	0.388728	0.388728
Enh504	269	269	64.3394	0.23918	0.23918
Enh505	766	766	181.442	0.23687	0.23687
Enh506	595	595	167.157	0.280937	0.280937
Enh507	495	495	2423.78	4.89653	4.89653
Enh508	404	404	93.8995	0.232425	0.232425
Enh509	212	212	84.0012	0.396232	0.396232
Enh511	362	362	53.3977	0.147508	0.147508
Enh512	221	221	54.4164	0.246228	0.246228
Enh513	285	285	100.65	0.353158	0.353158
Enh515	633	633	138.794	0.219264	0.219264
Enh517	351	351	214.584	0.611349	0.611349
Enh518	228	228	130.793	0.573652	0.573652
Enh519	262	262	248.28	0.947632	0.947632
Enh520	711	711	210.39	0.295907	0.295907
Enh521	486	486	416.604	0.857211	0.857211
Enh522	299	299	52.4416	0.17539	0.17539
Enh523	583	583	146.011	0.250448	0.250448
Enh524	712	712	261.256	0.366932	0.366932
Enh526	259	259	78.9686	0.304898	0.304898
Enh529	755	755	125.428	0.16613	0.16613
Enh530	223	223	119.403	0.53544	0.53544
Enh531	285	285	110.956	0.389319	0.389319
Enh533	841	841	745.004	0.885855	0.885855
Enh534	506	506	392.402	0.775498	0.775498
Enh535	326	326	150.549	0.461805	0.461805
Enh536	768	768	1575.35	2.05124	2.05124
Enh537	476	476	689.517	1.44857	1.44857
Enh538	427	427	131.281	0.307449	0.307449
Enh539	208	208	46.5663	0.223876	0.223876
Enh541	461	461	239.045	0.518536	0.518536
Enh542	226	226	44.2813	0.195935	0.195935
Enh543	286	286	278.262	0.972943	0.972943
Enh544	297	297	142.818	0.480867	0.480867
Enh545	307	307	73.4283	0.23918	0.23918
Enh546	408	408	69.6582	0.170731	0.170731
Enh547	357	357	100.17	0.280588	0.280588
Enh548	437	437	104.522	0.23918	0.23918
Enh549	395	395	94.4761	0.23918	0.23918
Enh550	379	379	185.336	0.489012	0.489012
Enh552	372	372	141.732	0.381001	0.381001
Enh553	341	341	167.074	0.489952	0.489952
Enh554	231	231	57.7157	0.249852	0.249852
Enh556	294	294	149.495	0.508487	0.508487
Enh557	384	384	85.6461	0.223037	0.223037
Enh558	262	262	62.6652	0.23918	0.23918
Enh559	245	245	74.0595	0.302284	0.302284
Enh560	647	647	175.692	0.271549	0.271549
Enh561	779	779	228.098	0.292809	0.292809
Enh562	339	339	81.082	0.23918	0.23918
Enh563	243	243	58.1207	0.23918	0.23918
Enh564	503	503	120.308	0.23918	0.23918
Enh565	254	254	47.642	0.187567	0.187567
Enh566	236	236	36.0674	0.152828	0.152828
Enh567	236	236	137.264	0.581628	0.581628
Enh568	345	345	152.102	0.440875	0.440875
Enh569	852	852	220.82	0.259178	0.259178
Enh570	261	261	142.492	0.545946	0.545946
Enh572	294	294	86.3457	0.293693	0.293693
Enh573	579	579	149.255	0.25778	0.25778
Enh574	236	236	91.5213	0.387802	0.387802
Enh575	572	572	454.641	0.794826	0.794826
Enh576	203	203	15.7369	0.0775217	0.0775217
Enh577	675	675	131.927	0.195448	0.195448
Enh579	734	734	221.904	0.302322	0.302322
Enh580	203	203	177.754	0.875634	0.875634
Enh581	477	477	113.465	0.237872	0.237872
Enh582	256	256	60.7463	0.23729	0.23729
Enh583	562	562	180.564	0.321288	0.321288
Enh585	654	654	399.946	0.611538	0.611538
Enh586	487	487	375.806	0.771676	0.771676
Enh588	1136	1136	354.884	0.312398	0.312398
Enh589	236	236	26.7876	0.113507	0.113507
Enh591	232	232	55.405	0.238815	0.238815
Enh592	348	348	305.97	0.879224	0.879224
Enh593	343	343	78.5817	0.229101	0.229101
Enh595	284	284	67.9271	0.23918	0.23918
Enh596	220	220	48.1945	0.219066	0.219066
Enh597	204	204	159.768	0.783175	0.783175
Enh600	394	394	143.051	0.363074	0.363074
Enh601	215	215	42.1463	0.196029	0.196029
Enh602	316	316	68.8895	0.218005	0.218005
Enh603	533	533	102.358	0.192041	0.192041
Enh604	287	287	132.941	0.463209	0.463209
Enh605	246	246	64.9135	0.263876	0.263876
Enh606	463	463	110.74	0.23918	0.23918
Enh607	329	329	596.328	1.81255	1.81255
Enh608	207	207	220.53	1.06536	1.06536
Enh609	508	508	307.254	0.604831	0.604831
Enh613	362	362	66.7972	0.184523	0.184523
Enh614	295	295	65.0382	0.220469	0.220469
Enh615	481	481	213.464	0.443791	0.443791
Enh616	907	907	1280.28	1.41156	1.41156
Enh617	407	407	97.3463	0.23918	0.23918
Enh618	445	445	191.312	0.429914	0.429914
Enh620	299	299	52.8556	0.176775	0.176775
Enh621	383	383	98.8846	0.258184	0.258184
Enh623	235	235	56.2073	0.23918	0.23918
Enh624	341	341	81.1854	0.23808	0.23808
Enh625	495	495	148.357	0.299712	0.299712
Enh626	346	346	456.89	1.32049	1.32049
Enh627	255	255	166.772	0.654006	0.654006
Enh628	304	304	277.53	0.912926	0.912926
Enh629	226	226	88.3905	0.391108	0.391108
Enh630	301	301	71.3185	0.236939	0.236939
Enh631	223	223	35.9635	0.161271	0.161271
Enh632	361	361	157.66	0.43673	0.43673
Enh634	691	691	255.884	0.37031	0.37031
Enh635	345	345	1431.98	4.15067	4.15067
Enh636	735	735	637.354	0.867148	0.867148
Enh637	449	449	464.229	1.03392	1.03392
Enh638	481	481	201.114	0.418117	0.418117
Enh639	404	404	161.51	0.399777	0.399777
Enh640	879	879	209.985	0.23889	0.23889
Enh641	273	273	270.963	0.992538	0.992538
Enh644	473	473	402.798	0.851581	0.851581
Enh646	407	407	97.3463	0.23918	0.23918
Enh647	535	535	286.555	0.535617	0.535617
Enh648	331	331	247.652	0.748195	0.748195
Enh649	577	577	444.178	0.769806	0.769806
Enh650	394	394	298.179	0.756799	0.756799
Enh651	748	748	346.471	0.463196	0.463196
Enh652	1027	1027	6844.1	6.66416	6.66416
Enh653	262	262	234.351	0.89447	0.89447
Enh654	298	298	71.2671	0.239151	0.239151
Enh655	483	483	92.1068	0.190697	0.190697
Enh657	581	581	114.5	0.197074	0.197074
Enh660	495	495	167.625	0.338637	0.338637
Enh661	463	463	388.414	0.838906	0.838906
Enh663	204	204	22.0381	0.10803	0.10803
Enh664	483	483	260.127	0.538565	0.538565
Enh666	239	239	57.164	0.23918	0.23918
Enh667	250	250	24.4969	0.0979878	0.0979878
Enh668	413	413	93.7762	0.227061	0.227061
Enh669	294	294	70.1025	0.238444	0.238444
Enh671	590	590	226.312	0.38358	0.38358
Enh672	456	456	109.066	0.23918	0.23918
Enh674	267	267	63.8611	0.23918	0.23918
Enh675	234	234	55.9681	0.23918	0.23918
Enh676	689	689	164.22	0.238346	0.238346
Enh677	322	322	72.3321	0.224634	0.224634
Enh678	293	293	516.291	1.76208	1.76208
Enh680	370	370	81.0127	0.218953	0.218953
Enh681	726	726	253.945	0.349787	0.349787
Enh682	447	447	329.241	0.736556	0.736556
Enh683	210	210	180.184	0.858019	0.858019
Enh685	327	327	311.368	0.952196	0.952196
Enh686	355	355	578.599	1.62986	1.62986
Enh691	365	365	386.576	1.05911	1.05911
Enh692	276	276	64.941	0.235293	0.235293
Enh693	202	202	48.3144	0.23918	0.23918
Enh695	397	397	71.5615	0.180256	0.180256
Enh698	328	328	183.549	0.5596	0.5596
Enh699	481	481	205.865	0.427994	0.427994
Enh700	282	282	41.8896	0.148545	0.148545
Enh702	594	594	1178.93	1.98474	1.98474
Enh704	229	229	72.9605	0.318605	0.318605
Enh705	568	568	424.082	0.746624	0.746624
Enh706	308	308	73.6674	0.23918	0.23918
Enh707	713	713	254.336	0.356712	0.356712
Enh708	298	298	313.92	1.05342	1.05342
Enh709	547	547	348.724	0.637521	0.637521
Enh710	295	295	68.3018	0.231532	0.231532
Enh711	274	274	99.6473	0.363676	0.363676
Enh712	240	240	97.1776	0.404907	0.404907
Enh714	395	395	254.712	0.644841	0.644841
Enh717	346	346	212.074	0.61293	0.61293
Enh718	293	293	51.8849	0.177082	0.177082
Enh719	449	449	294.173	0.655173	0.655173
Enh720	231	231	151.085	0.654048	0.654048
Enh721	308	308	105.398	0.342201	0.342201
Enh722	462	462	184.613	0.399595	0.399595
Enh723	326	326	493.258	1.51306	1.51306
Enh724	203	203	48.5535	0.23918	0.23918
Enh725	367	367	138.482	0.377336	0.377336
Enh727	355	355	404.429	1.13924	1.13924
Enh728	520	520	894.293	1.71979	1.71979
Enh729	517	517	1516.54	2.93335	2.93335
Enh730	209	209	34.6939	0.165999	0.165999
Enh731	277	277	163.844	0.591493	0.591493
Enh732	299	299	379.48	1.26916	1.26916
Enh733	396	396	527.652	1.33245	1.33245
Enh734	202	202	1409.64	6.97841	6.97841
Enh736	318	318	73.1383	0.229995	0.229995
Enh737	278	278	47.1243	0.169512	0.169512
Enh738	257	257	131.114	0.510169	0.510169
Enh739	225	225	52.3435	0.232638	0.232638
Enh741	465	465	259.195	0.557409	0.557409
Enh743	228	228	375.135	1.64533	1.64533
Enh744	330	330	100.304	0.303953	0.303953
Enh745	468	468	111.936	0.23918	0.23918
Enh746	441	441	205.931	0.466965	0.466965
Enh747	320	320	202.332	0.632287	0.632287
Enh750	281	281	51.3389	0.182701	0.182701
Enh751	316	316	173.605	0.549382	0.549382
Enh754	558	558	140.899	0.252507	0.252507
Enh755	639	639	332.966	0.521073	0.521073
Enh756	281	281	32.9244	0.117169	0.117169
Enh757	307	307	105.151	0.342511	0.342511
Enh758	468	468	1244.11	2.65836	2.65836
Enh759	471	471	276.439	0.586918	0.586918
Enh762	368	368	82.9248	0.225339	0.225339
Enh763	533	533	141.773	0.26599	0.26599
Enh765	318	318	222.015	0.698159	0.698159
Enh766	238	238	42.2642	0.177581	0.177581
Enh767	310	310	149.77	0.483128	0.483128
Enh769	392	392	2182.23	5.56691	5.56691
Enh770	342	342	124.802	0.364917	0.364917
Enh771	442	442	83.2402	0.188326	0.188326
Enh772	358	358	65.9015	0.184082	0.184082
Enh773	346	346	1336.3	3.86215	3.86215
Enh774	506	506	224.602	0.443878	0.443878
Enh775	247	247	2369.86	9.59457	9.59457
Enh776	358	358	148.201	0.413969	0.413969
Enh777	651	651	95.0993	0.146082	0.146082
Enh778	476	476	84.8175	0.178188	0.178188
Enh779	813	813	651.888	0.80183	0.80183
Enh780	434	434	65.5234	0.150976	0.150976
Enh782	613	613	177.043	0.288814	0.288814
Enh785	861	861	197.01	0.228815	0.228815
Enh789	663	663	158.576	0.23918	0.23918
Enh792	433	433	71.288	0.164637	0.164637
Enh793	1014	1014	586.906	0.578803	0.578803
Enh794	404	404	116.549	0.288488	0.288488
Enh795	229	229	72.3254	0.315831	0.315831
Enh798	270	270	849.211	3.14523	3.14523
Enh799	350	350	157.863	0.451039	0.451039
Enh800	229	229	998.319	4.35947	4.35947
Enh801	756	756	795.954	1.05285	1.05285
Enh802	306	306	144.052	0.470759	0.470759
Enh805	522	522	751.485	1.43963	1.43963
Enh807	648	648	154.989	0.23918	0.23918
Enh809	234	234	50.3846	0.215319	0.215319
Enh810	348	348	119.371	0.343021	0.343021
Enh811	303	303	83.8137	0.276613	0.276613
Enh812	516	516	110.314	0.213787	0.213787
Enh813	270	270	144.941	0.53682	0.53682
Enh814	915	915	297.37	0.324995	0.324995
Enh817	236	236	139.52	0.591187	0.591187
Enh818	211	211	50.467	0.23918	0.23918
Enh819	481	481	292.695	0.608513	0.608513
Enh821	713	713	160.053	0.224478	0.224478
Enh822	531	531	314.82	0.592882	0.592882
Enh823	368	368	186.604	0.507076	0.507076
Enh824	424	424	149.248	0.352	0.352
Enh826	326	326	109.889	0.337082	0.337082
Enh829	392	392	232.296	0.592591	0.592591
Enh831	654	654	333.721	0.510277	0.510277
Enh832	227	227	26.0329	0.114682	0.114682
Enh833	325	325	148.009	0.455411	0.455411
Enh834	592	592	1646.49	2.78124	2.78124
Enh835	289	289	1776.14	6.14582	6.14582
Enh836	280	280	71.5409	0.255503	0.255503
Enh837	545	545	130.328	0.239133	0.239133
Enh838	1135	1135	969.238	0.853954	0.853954
Enh842	598	598	311.903	0.521577	0.521577
Enh845	577	577	253.197	0.438816	0.438816
Enh846	258	258	61.7084	0.23918	0.23918
Enh847	232	232	81.3891	0.350815	0.350815
Enh848	460	460	106.06	0.230566	0.230566
Enh849	400	400	95.672	0.23918	0.23918
Enh851	500	500	181.018	0.362036	0.362036
Enh852	761	761	177.635	0.233422	0.233422
Enh853	411	411	83.3076	0.202695	0.202695
Enh854	386	386	92.3235	0.23918	0.23918
Enh855	239	239	57.164	0.23918	0.23918
Enh856	295	295	70.5581	0.23918	0.23918
Enh858	230	230	55.0114	0.23918	0.23918
Enh860	251	251	73.0284	0.29095	0.29095
Enh861	378	378	90.41	0.23918	0.23918
Enh862	289	289	69.123	0.23918	0.23918
Enh863	391	391	93.5194	0.23918	0.23918
Enh864	741	741	177.232	0.23918	0.23918
Enh866	584	584	199.776	0.342082	0.342082
Enh867	310	310	46.2297	0.149128	0.149128
Enh869	448	448	107.132	0.239134	0.239134
Enh870	408	408	29.9079	0.0733036	0.0733036
Enh871	347	347	52.1873	0.150396	0.150396
Enh872	254	254	131.543	0.517884	0.517884
Enh874	320	320	76.5376	0.23918	0.23918
Enh875	674	674	428.075	0.635127	0.635127
Enh876	655	655	438.125	0.668893	0.668893
Enh877	1131	1131	285.101	0.252079	0.252079
Enh878	459	459	109.784	0.23918	0.23918
Enh879	387	387	107.844	0.278667	0.278667
Enh880	277	277	55.5887	0.200681	0.200681
Enh882	507	507	273.766	0.539972	0.539972
Enh884	329	329	288.392	0.876571	0.876571
Enh886	227	227	47.6944	0.210107	0.210107
Enh887	240	240	72.1362	0.300568	0.300568
Enh888	205	205	28.6554	0.139782	0.139782
Enh889	442	442	147.769	0.334319	0.334319
Enh890	253	253	56.1742	0.222033	0.222033
Enh892	283	283	232.385	0.821147	0.821147
Enh893	208	208	391.783	1.88357	1.88357
Enh894	407	407	197.861	0.486144	0.486144
Enh895	423	423	215.763	0.510078	0.510078
Enh896	455	455	121.388	0.266787	0.266787
Enh897	211	211	50.467	0.23918	0.23918
Enh898	550	550	145.489	0.264526	0.264526
Enh899	262	262	64.0928	0.244629	0.244629
Enh900	622	622	192.084	0.308817	0.308817
Enh901	210	210	125.725	0.59869	0.59869
Enh903	556	556	2188.01	3.93528	3.93528
Enh906	246	246	51.6028	0.209767	0.209767
Enh907	450	450	194.266	0.431701	0.431701
Enh908	210	210	62.2988	0.296661	0.296661
Enh909	276	276	233.023	0.844288	0.844288
Enh910	217	217	173.284	0.798543	0.798543
Enh911	284	284	51.3774	0.180906	0.180906
Enh912	324	324	50.8926	0.157076	0.157076
Enh913	651	651	215.715	0.33136	0.33136
Enh916	426	426	50.8069	0.119265	0.119265
Enh917	501	501	143.824	0.287073	0.287073
Enh919	505	505	449.444	0.889988	0.889988
Enh920	229	229	854.354	3.7308	3.7308
Enh922	289	289	128.676	0.445245	0.445245
Enh923	495	495	196.177	0.396317	0.396317
Enh924	315	315	61.4276	0.195008	0.195008
Enh925	322	322	111.707	0.346917	0.346917
Enh926	499	499	192.985	0.386743	0.386743
Enh927	357	357	82.7852	0.231891	0.231891
Enh929	358	358	83.7957	0.234066	0.234066
Enh932	314	314	223.823	0.712812	0.712812
Enh933	347	347	82.9955	0.23918	0.23918
Enh936	521	521	292.568	0.561551	0.561551
Enh937	726	726	192.715	0.265447	0.265447
Enh938	269	269	64.3394	0.23918	0.23918
Enh939	267	267	63.8611	0.23918	0.23918
Enh940	386	386	163.446	0.423435	0.423435
Enh941	351	351	120.585	0.343546	0.343546
Enh942	340	340	108.074	0.317864	0.317864
Enh944	234	234	538.287	2.30037	2.30037
Enh945	204	204	93.0418	0.456087	0.456087
Enh946	271	271	236.05	0.871034	0.871034
Enh947	524	524	151.752	0.289603	0.289603
Enh948	210	210	50.2278	0.23918	0.23918
Enh949	262	262	309.768	1.18232	1.18232
Enh951	535	535	218.768	0.408912	0.408912
Enh952	534	534	1893.64	3.54614	3.54614
Enh954	298	298	119.918	0.402409	0.402409
Enh955	491	491	1390.21	2.83138	2.83138
Enh956	431	431	103.087	0.23918	0.23918
Enh957	441	441	105.478	0.23918	0.23918
Enh958	652	652	155.945	0.23918	0.23918
Enh959	247	247	59.0775	0.23918	0.23918
Enh960	243	243	58.1207	0.23918	0.23918
Enh963	239	239	48.8852	0.204541	0.204541
Enh965	581	581	180.287	0.310305	0.310305
Enh966	339	339	79.1517	0.233486	0.233486
Enh968	453	453	143.217	0.316153	0.316153
Enh969	237	237	130.319	0.549871	0.549871
Enh971	378	378	59.8548	0.158346	0.158346
Enh972	256	256	20.4801	0.0800004	0.0800004
Enh973	222	222	50.8879	0.229225	0.229225
Enh974	266	266	234.838	0.882849	0.882849
Enh975	247	247	127.08	0.514496	0.514496
Enh977	388	388	241.95	0.623581	0.623581
Enh978	235	235	117.108	0.49833	0.49833
Enh979	717	717	262.451	0.366041	0.366041
Enh147	126	126	30.1367	0.23918	0.23918
Enh151	147	147	96.0227	0.653215	0.653215
Enh152	170	170	161.641	0.950831	0.950831
Enh156	154	154	22.5861	0.146663	0.146663
Enh158	161	161	36.8039	0.228595	0.228595
Enh159	153	153	27.3291	0.178621	0.178621
Enh165	196	196	34.2905	0.174952	0.174952
Enh173	164	164	26.7681	0.16322	0.16322
Enh174	100	100	20.1482	0.201482	0.201482
Enh175	189	189	58.4442	0.309229	0.309229
Enh108	180	180	26.8713	0.149285	0.149285
Enh111	104	104	11.1731	0.107433	0.107433
Enh112	194	194	39.9513	0.205935	0.205935
Enh120	140	140	97.334	0.695243	0.695243
Enh199	147	147	17.1518	0.116679	0.116679
Enh215	111	111	59.1779	0.533134	0.533134
Enh218	197	197	50.9727	0.258745	0.258745
Enh224	114	114	5.93762	0.0520844	0.0520844
Enh228	119	119	44.9135	0.377424	0.377424
Enh231	129	129	17.2288	0.133556	0.133556
Enh234	188	188	41.4251	0.220346	0.220346
Enh238	140	140	102.805	0.734319	0.734319
Enh242	152	152	48.4674	0.318864	0.318864
Enh243	146	146	22.9493	0.157187	0.157187
Enh246	186	186	31.5697	0.169729	0.169729
Enh179	187	187	73.0723	0.390761	0.390761
Enh184	178	178	58.5609	0.328994	0.328994
Enh186	152	152	36.3554	0.23918	0.23918
Enh193	136	136	30.0453	0.220921	0.220921
Enh281	193	193	74.0845	0.383858	0.383858
Enh284	198	198	71.6575	0.361907	0.361907
Enh260	87	87	77.5335	0.89119	0.89119
Enh261	151	151	49.5435	0.328103	0.328103
Enh262	111	111	46.0394	0.41477	0.41477
Enh263	181	181	43.2916	0.23918	0.23918
Enh264	105	105	23.1237	0.220226	0.220226
Enh265	129	129	329.035	2.55066	2.55066
Enh269	179	179	88.6844	0.495443	0.495443
Enh277	175	175	14.3239	0.0818507	0.0818507
Enh289	140	140	422.217	3.01584	3.01584
Enh73	176	176	42.0957	0.23918	0.23918
Enh105	112	112	26.7882	0.23918	0.23918
Enh106	147	147	70.7083	0.481009	0.481009
Enh35	123	123	24.2841	0.197432	0.197432
Enh44	199	199	47.5968	0.23918	0.23918
Enh62	191	191	137.242	0.718542	0.718542
Enh74	133	133	87.034	0.654391	0.654391
Enh77	178	178	24.8039	0.139348	0.139348
Enh80	200	200	216.888	1.08444	1.08444
Enh88	191	191	630.222	3.29959	3.29959
Enh94	169	169	40.4214	0.23918	0.23918
Enh97	191	191	64.105	0.335628	0.335628
Enh3	170	170	72.9	0.428824	0.428824
Enh4	123	123	87.6782	0.712831	0.712831
Enh11	190	190	132.624	0.698021	0.698021
Enh12	190	190	630.959	3.32084	3.32084
Enh14	150	150	94.1699	0.627799	0.627799
Enh16	168	168	22.519	0.134042	0.134042
Enh19	160	160	17.995	0.112469	0.112469
Enh20	178	178	42.5231	0.238894	0.238894
Enh21	185	185	44.2483	0.23918	0.23918
Enh22	200	200	142.285	0.711423	0.711423
Enh26	192	192	33.4933	0.174444	0.174444
Enh30	176	176	112.193	0.637463	0.637463
Enh38	174	174	40.99	0.235575	0.235575
Enh41	139	139	27.6995	0.199277	0.199277
Enh57	156	156	43.6771	0.279981	0.279981
Enh145	151	151	64.5202	0.427286	0.427286
Enh129	161	161	35.2552	0.218976	0.218976
Enh132	137	137	78.5925	0.573668	0.573668
Enh133	147	147	35.1595	0.23918	0.23918
Enh135	98	98	22.8613	0.233279	0.233279
Enh137	117	117	20.6871	0.176813	0.176813
Enh138	157	157	33.017	0.210299	0.210299
Enh140	186	186	139.71	0.751128	0.751128
Enh141	147	147	13.6136	0.0926096	0.0926096
Enh290	167	167	35.2736	0.211219	0.211219
Enh305	194	194	45.322	0.233619	0.233619
Enh307	153	153	1230	8.03923	8.03923
Enh314	185	185	39.723	0.214719	0.214719
Enh285	190	190	23.5286	0.123835	0.123835
Enh325	189	189	42.1315	0.222918	0.222918
Enh341	109	109	36.3217	0.333227	0.333227
Enh345	159	159	27.3522	0.172026	0.172026
Enh323	186	186	77.4061	0.416162	0.416162
Enh364	181	181	28.5441	0.157702	0.157702
Enh371	191	191	57.4069	0.30056	0.30056
Enh373	164	164	65.1581	0.397306	0.397306
Enh384	160	160	28.1151	0.17572	0.17572
Enh385	177	177	59.6605	0.337065	0.337065
Enh386	197	197	47.1185	0.23918	0.23918
Enh390	165	165	23.6366	0.143252	0.143252
Enh349	192	192	45.9226	0.23918	0.23918
Enh354	119	119	68.8827	0.578846	0.578846
Enh417	147	147	136.502	0.928583	0.928583
Enh398	197	197	151.053	0.766768	0.766768
Enh400	149	149	25.7162	0.172592	0.172592
Enh403	195	195	36.1367	0.185317	0.185317
Enh404	176	176	147.03	0.835398	0.835398
Enh418	174	174	34.3327	0.197314	0.197314
Enh428	96	96	22.9613	0.23918	0.23918
Enh432	188	188	35.9954	0.191465	0.191465
Enh434	156	156	112.288	0.719793	0.719793
Enh435	191	191	45.607	0.23878	0.23878
Enh442	199	199	41.9478	0.210793	0.210793
Enh445	164	164	164.632	1.00385	1.00385
Enh452	199	199	90.4147	0.454345	0.454345
Enh455	184	184	740.783	4.026	4.026
Enh461	168	168	58.2944	0.34699	0.34699
Enh500	145	145	25.1699	0.173586	0.173586
Enh501	195	195	227.235	1.16531	1.16531
Enh472	91	91	58.5823	0.643761	0.643761
Enh474	118	118	45.1157	0.382336	0.382336
Enh484	178	178	42.574	0.23918	0.23918
Enh489	182	182	49.1616	0.270119	0.270119
Enh496	157	157	72.8062	0.463734	0.463734
Enh551	131	131	26.6207	0.203212	0.203212
Enh555	174	174	56.405	0.324167	0.324167
Enh571	107	107	213.812	1.99824	1.99824
Enh578	146	146	103.4	0.708222	0.708222
Enh584	104	104	54.0009	0.51924	0.51924
Enh587	142	142	159.548	1.12358	1.12358
Enh510	191	191	35.8307	0.187596	0.187596
Enh514	150	150	31.292	0.208613	0.208613
Enh516	173	173	41.3781	0.23918	0.23918
Enh525	198	198	32.3897	0.163584	0.163584
Enh532	160	160	111.388	0.696173	0.696173
Enh540	180	180	90.4126	0.502292	0.502292
Enh590	160	160	69.264	0.4329	0.4329
Enh594	170	170	103.899	0.611171	0.611171
Enh598	185	185	44.2483	0.23918	0.23918
Enh599	195	195	381.441	1.95611	1.95611
Enh610	199	199	132.492	0.66579	0.66579
Enh611	166	166	111.172	0.669711	0.669711
Enh612	170	170	40.4784	0.238108	0.238108
Enh619	184	184	36.9028	0.200559	0.200559
Enh622	120	120	28.7016	0.23918	0.23918
Enh633	151	151	36.1162	0.23918	0.23918
Enh642	146	146	34.9203	0.23918	0.23918
Enh643	95	95	22.7221	0.23918	0.23918
Enh645	192	192	112.152	0.584123	0.584123
Enh665	127	127	30.3759	0.23918	0.23918
Enh673	156	156	52.472	0.336359	0.336359
Enh701	170	170	106.518	0.626574	0.626574
Enh703	141	141	116.351	0.825186	0.825186
Enh656	153	153	98.7107	0.645168	0.645168
Enh658	147	147	29.8247	0.202889	0.202889
Enh659	129	129	411.97	3.19357	3.19357
Enh662	161	161	21.9471	0.136317	0.136317
Enh670	196	196	32.7729	0.167209	0.167209
Enh684	161	161	1815.83	11.2785	11.2785
Enh694	148	148	179.96	1.21595	1.21595
Enh696	176	176	29.7818	0.169215	0.169215
Enh697	195	195	168.409	0.863637	0.863637
Enh735	194	194	34.3547	0.177086	0.177086
Enh740	195	195	115.333	0.591449	0.591449
Enh715	193	193	623.225	3.22915	3.22915
Enh726	117	117	30.6331	0.261821	0.261821
Enh716	161	161	1896.87	11.7818	11.7818
Enh760	187	187	34.7513	0.185836	0.185836
Enh764	181	181	31.2625	0.172721	0.172721
Enh768	186	186	75.2631	0.40464	0.40464
Enh742	166	166	507.554	3.05755	3.05755
Enh748	191	191	43.2331	0.226352	0.226352
Enh749	150	150	28.6771	0.191181	0.191181
Enh752	196	196	67.8391	0.346118	0.346118
Enh753	180	180	57.0503	0.316946	0.316946
Enh803	150	150	56.6157	0.377438	0.377438
Enh804	198	198	690.546	3.4876	3.4876
Enh806	112	112	193.635	1.72889	1.72889
Enh808	107	107	25.5923	0.23918	0.23918
Enh815	153	153	36.5867	0.239129	0.239129
Enh816	136	136	27.5392	0.202494	0.202494
Enh820	188	188	103.589	0.551003	0.551003
Enh825	192	192	45.9226	0.23918	0.23918
Enh827	195	195	44.0202	0.225745	0.225745
Enh828	179	179	42.7322	0.238727	0.238727
Enh781	187	187	40.0823	0.214344	0.214344
Enh783	186	186	44.4875	0.23918	0.23918
Enh786	181	181	40.6621	0.224653	0.224653
Enh787	140	140	33.4852	0.23918	0.23918
Enh788	113	113	27.0273	0.23918	0.23918
Enh790	133	133	31.8109	0.23918	0.23918
Enh791	152	152	36.3554	0.23918	0.23918
Enh857	134	134	32.0501	0.23918	0.23918
Enh859	161	161	38.508	0.23918	0.23918
Enh865	171	171	16.0026	0.0935826	0.0935826
Enh830	156	156	106.442	0.682323	0.682323
Enh841	193	193	70.4176	0.364858	0.364858
Enh843	155	155	37.0729	0.23918	0.23918
Enh844	169	169	40.4214	0.23918	0.23918
Enh850	159	159	32.9565	0.207273	0.207273
Enh902	155	155	48.7677	0.31463	0.31463
Enh904	183	183	601.286	3.28572	3.28572
Enh905	161	161	19.3375	0.120109	0.120109
Enh868	94	94	47.9362	0.509959	0.509959
Enh873	172	172	108.974	0.633569	0.633569
Enh881	165	165	159.142	0.964495	0.964495
Enh883	184	184	95.5764	0.519437	0.519437
Enh885	156	156	64.3382	0.412424	0.412424
Enh961	185	185	44.2483	0.23918	0.23918
Enh962	184	184	44.0091	0.23918	0.23918
Enh964	167	167	28.2443	0.169127	0.169127
Enh967	171	171	37.6168	0.219982	0.219982
Enh970	153	153	54.1031	0.353615	0.353615
Enh914	138	138	45.4276	0.329185	0.329185
Enh915	196	196	142.461	0.726843	0.726843
Enh928	90	90	21.5262	0.23918	0.23918
Enh930	145	145	34.1173	0.235292	0.235292
Enh931	175	175	28.2024	0.161157	0.161157
Enh934	118	118	436.936	3.70285	3.70285
Enh935	121	121	236.739	1.95652	1.95652
Enh943	162	162	347.542	2.14532	2.14532
Enh950	147	147	86.5116	0.588515	0.588515
Enh976	175	175	41.8565	0.23918	0.23918
