Enh1	295	295	102.529	0.347557	0.347557
Enh2	332	332	271.684	0.818326	0.818326
Enh5	293	293	113.672	0.387961	0.387961
Enh6	279	279	101.111	0.362406	0.362406
Enh7	294	294	144.429	0.491255	0.491255
Enh8	233	233	59.885	0.257017	0.257017
Enh9	583	583	146.347	0.251024	0.251024
Enh10	264	264	50.3721	0.190804	0.190804
Enh13	420	420	144.909	0.345021	0.345021
Enh15	287	287	86.0327	0.299766	0.299766
Enh17	334	334	316.723	0.948272	0.948272
Enh18	231	231	84.5843	0.366166	0.366166
Enh23	711	711	196.356	0.276169	0.276169
Enh24	205	205	65.1971	0.318035	0.318035
Enh25	260	260	95.8191	0.368535	0.368535
Enh27	330	330	102.137	0.309506	0.309506
Enh28	302	302	602.44	1.99484	1.99484
Enh29	212	212	129.557	0.611116	0.611116
Enh31	405	405	303.717	0.749919	0.749919
Enh32	460	460	223.861	0.486654	0.486654
Enh33	468	468	346.849	0.74113	0.74113
Enh34	277	277	58.7106	0.211952	0.211952
Enh36	411	411	110.225	0.268187	0.268187
Enh37	642	642	352.236	0.548654	0.548654
Enh39	214	214	85.0143	0.397263	0.397263
Enh40	700	700	304.267	0.434668	0.434668
Enh42	735	735	309.36	0.420898	0.420898
Enh43	302	302	183.443	0.607428	0.607428
Enh45	436	436	204.432	0.468881	0.468881
Enh46	671	671	792.069	1.18043	1.18043
Enh47	384	384	278.284	0.724697	0.724697
Enh48	561	561	214.681	0.382676	0.382676
Enh49	429	429	186.479	0.434683	0.434683
Enh50	1039	1039	1293.16	1.24462	1.24462
Enh51	450	450	154.642	0.343649	0.343649
Enh52	246	246	66.8749	0.271849	0.271849
Enh53	755	755	3078.74	4.0778	4.0778
Enh54	329	329	166.96	0.507478	0.507478
Enh55	449	449	219.757	0.489437	0.489437
Enh56	470	470	196.739	0.418593	0.418593
Enh58	475	475	254.606	0.536012	0.536012
Enh59	220	220	125.553	0.570697	0.570697
Enh60	257	257	73.9087	0.287583	0.287583
Enh61	335	335	81.1354	0.242195	0.242195
Enh63	335	335	104.983	0.313382	0.313382
Enh64	858	858	579.33	0.67521	0.67521
Enh65	494	494	121.513	0.245978	0.245978
Enh66	237	237	111.281	0.469539	0.469539
Enh67	403	403	408.555	1.01379	1.01379
Enh68	677	677	2677.96	3.95563	3.95563
Enh69	537	537	930.018	1.73188	1.73188
Enh70	831	831	6478.24	7.79571	7.79571
Enh71	376	376	110.115	0.29286	0.29286
Enh72	295	295	128.426	0.435341	0.435341
Enh75	827	827	214.125	0.258918	0.258918
Enh76	298	298	189.511	0.635944	0.635944
Enh78	400	400	112.168	0.280419	0.280419
Enh79	532	532	323.051	0.607238	0.607238
Enh81	608	608	246.121	0.404805	0.404805
Enh84	523	523	414.675	0.792878	0.792878
Enh85	427	427	971.099	2.27424	2.27424
Enh86	204	204	613.778	3.00872	3.00872
Enh87	238	238	145.146	0.609855	0.609855
Enh89	452	452	786.891	1.74091	1.74091
Enh90	398	398	366.539	0.920953	0.920953
Enh91	495	495	225.826	0.456213	0.456213
Enh92	248	248	57.2337	0.230781	0.230781
Enh93	275	275	109.392	0.397788	0.397788
Enh95	330	330	167.84	0.508605	0.508605
Enh96	251	251	177.47	0.707051	0.707051
Enh98	271	271	132.659	0.489517	0.489517
Enh99	540	540	667.474	1.23606	1.23606
Enh100	269	269	101.395	0.376932	0.376932
Enh101	506	506	157.266	0.310803	0.310803
Enh102	780	780	115.262	0.147772	0.147772
Enh103	389	389	139.09	0.357559	0.357559
Enh104	516	516	199.59	0.386803	0.386803
Enh107	501	501	192.526	0.384284	0.384284
Enh109	244	244	73.0829	0.29952	0.29952
Enh110	263	263	156.811	0.596239	0.596239
Enh113	392	392	132.456	0.337897	0.337897
Enh114	465	465	227.598	0.489458	0.489458
Enh115	380	380	127.77	0.336238	0.336238
Enh116	228	228	49.598	0.217535	0.217535
Enh117	423	423	175.362	0.414568	0.414568
Enh118	207	207	71.7547	0.346641	0.346641
Enh119	286	286	96.9603	0.339022	0.339022
Enh121	533	533	351.629	0.659716	0.659716
Enh122	408	408	162.822	0.399073	0.399073
Enh123	555	555	573.138	1.03268	1.03268
Enh124	455	455	146.649	0.322305	0.322305
Enh125	245	245	63.8632	0.260666	0.260666
Enh126	234	234	69.0393	0.29504	0.29504
Enh127	283	283	78.3292	0.276781	0.276781
Enh128	419	419	132.785	0.31691	0.31691
Enh130	293	293	124.241	0.424032	0.424032
Enh131	339	339	686.022	2.02366	2.02366
Enh134	558	558	6332.21	11.348	11.348
Enh136	293	293	224.563	0.766428	0.766428
Enh139	263	263	97.5237	0.370813	0.370813
Enh142	220	220	75.6051	0.34366	0.34366
Enh143	518	518	188.541	0.363978	0.363978
Enh144	445	445	121.744	0.273582	0.273582
Enh146	398	398	467.14	1.17372	1.17372
Enh148	611	611	384.537	0.629356	0.629356
Enh149	696	696	1109.21	1.59369	1.59369
Enh150	425	425	229.868	0.540867	0.540867
Enh153	406	406	403.793	0.994563	0.994563
Enh154	617	617	1527.46	2.47562	2.47562
Enh155	284	284	188.901	0.665145	0.665145
Enh157	384	384	648.628	1.68913	1.68913
Enh160	267	267	92.6253	0.346911	0.346911
Enh161	219	219	28.8982	0.131955	0.131955
Enh162	393	393	173.968	0.442666	0.442666
Enh163	220	220	133.429	0.606496	0.606496
Enh164	306	306	77.7641	0.254131	0.254131
Enh166	239	239	69.8005	0.292052	0.292052
Enh167	589	589	218.752	0.371396	0.371396
Enh168	590	590	161.537	0.273791	0.273791
Enh169	508	508	198.295	0.390344	0.390344
Enh170	294	294	267.564	0.910082	0.910082
Enh171	236	236	92.7428	0.392978	0.392978
Enh172	430	430	121.061	0.281537	0.281537
Enh176	502	502	176.04	0.350678	0.350678
Enh177	405	405	92.111	0.227435	0.227435
Enh178	263	263	67.9136	0.258227	0.258227
Enh180	858	858	1895.55	2.20927	2.20927
Enh181	241	241	137.821	0.571871	0.571871
Enh182	449	449	169.999	0.378617	0.378617
Enh183	278	278	91.5148	0.32919	0.32919
Enh185	632	632	210.255	0.332683	0.332683
Enh187	319	319	110.739	0.347143	0.347143
Enh188	886	886	488.784	0.551675	0.551675
Enh189	770	770	516.499	0.670778	0.670778
Enh190	247	247	84.258	0.341126	0.341126
Enh191	266	266	49.4006	0.185717	0.185717
Enh192	369	369	29.087	0.0788264	0.0788264
Enh194	600	600	257.422	0.429037	0.429037
Enh195	457	457	182.432	0.399195	0.399195
Enh196	308	308	103.142	0.334877	0.334877
Enh197	210	210	135.297	0.644271	0.644271
Enh198	547	547	455.562	0.832837	0.832837
Enh200	888	888	591.881	0.666532	0.666532
Enh201	331	331	88.0907	0.266135	0.266135
Enh202	306	306	162.209	0.530096	0.530096
Enh203	292	292	92.2134	0.315799	0.315799
Enh204	350	350	161.493	0.461407	0.461407
Enh205	370	370	1507.26	4.07367	4.07367
Enh206	264	264	188.204	0.712894	0.712894
Enh207	412	412	389.443	0.945249	0.945249
Enh208	858	858	350.898	0.408972	0.408972
Enh209	517	517	161.698	0.312762	0.312762
Enh210	381	381	408.104	1.07114	1.07114
Enh211	219	219	96.3132	0.439787	0.439787
Enh212	310	310	114.678	0.369929	0.369929
Enh213	203	203	44.4446	0.218939	0.218939
Enh214	256	256	80.409	0.314097	0.314097
Enh216	260	260	824.744	3.17209	3.17209
Enh217	699	699	289.182	0.413709	0.413709
Enh219	609	609	1903.26	3.12523	3.12523
Enh220	235	235	569.579	2.42374	2.42374
Enh221	256	256	208.302	0.813679	0.813679
Enh222	476	476	623.687	1.31027	1.31027
Enh223	792	792	7099.36	8.96383	8.96383
Enh225	206	206	172.436	0.837068	0.837068
Enh226	288	288	207.862	0.721742	0.721742
Enh227	654	654	478.919	0.732293	0.732293
Enh229	225	225	41.5752	0.184779	0.184779
Enh230	492	492	528.943	1.07509	1.07509
Enh232	495	495	1086.7	2.19536	2.19536
Enh233	1116	1116	762.397	0.683151	0.683151
Enh235	229	229	45.3749	0.198144	0.198144
Enh236	423	423	612.067	1.44697	1.44697
Enh237	367	367	182.988	0.498604	0.498604
Enh239	756	756	488.59	0.646283	0.646283
Enh240	348	348	293.998	0.844822	0.844822
Enh241	748	748	470.165	0.628563	0.628563
Enh244	542	542	1346.86	2.48499	2.48499
Enh245	261	261	152.829	0.58555	0.58555
Enh247	312	312	80.824	0.259051	0.259051
Enh248	408	408	264.67	0.648701	0.648701
Enh249	207	207	277.778	1.34192	1.34192
Enh250	408	408	465.815	1.1417	1.1417
Enh251	453	453	179.354	0.395924	0.395924
Enh252	368	368	258.433	0.702264	0.702264
Enh253	234	234	65.226	0.278744	0.278744
Enh254	562	562	187.63	0.333861	0.333861
Enh255	204	204	97.9967	0.480376	0.480376
Enh256	459	459	130.542	0.284405	0.284405
Enh257	240	240	223.082	0.929509	0.929509
Enh258	224	224	63.7635	0.284658	0.284658
Enh259	587	587	3109.12	5.29663	5.29663
Enh266	606	606	326.326	0.538492	0.538492
Enh267	279	279	113.892	0.408215	0.408215
Enh268	352	352	164.061	0.466081	0.466081
Enh270	519	519	180.767	0.348298	0.348298
Enh271	463	463	172.244	0.372018	0.372018
Enh272	243	243	97.3373	0.400565	0.400565
Enh273	528	528	108.408	0.205319	0.205319
Enh274	897	897	307.429	0.34273	0.34273
Enh275	375	375	87.9189	0.23445	0.23445
Enh276	490	490	185.422	0.378411	0.378411
Enh278	243	243	57.6423	0.237211	0.237211
Enh280	819	819	1038.81	1.26839	1.26839
Enh282	314	314	243.158	0.774389	0.774389
Enh283	360	360	101.891	0.28303	0.28303
Enh286	684	684	963.213	1.40821	1.40821
Enh287	451	451	541.61	1.20091	1.20091
Enh288	234	234	285.959	1.22205	1.22205
Enh291	792	792	510.357	0.64439	0.64439
Enh292	243	243	257.003	1.05762	1.05762
Enh293	384	384	104.548	0.27226	0.27226
Enh294	211	211	68.4958	0.324624	0.324624
Enh295	252	252	563.863	2.23755	2.23755
Enh296	397	397	335.55	0.845213	0.845213
Enh297	753	753	1044.92	1.38767	1.38767
Enh298	235	235	150.651	0.641069	0.641069
Enh299	605	605	689.776	1.14013	1.14013
Enh300	863	863	1873.21	2.17057	2.17057
Enh301	248	248	432.19	1.7427	1.7427
Enh302	313	313	153.774	0.491291	0.491291
Enh303	265	265	230.411	0.869476	0.869476
Enh304	684	684	1599.41	2.33832	2.33832
Enh306	395	395	263.44	0.666935	0.666935
Enh308	1110	1110	4614.74	4.15742	4.15742
Enh309	857	857	3766.03	4.39444	4.39444
Enh310	221	221	239.827	1.08519	1.08519
Enh311	530	530	330.177	0.622976	0.622976
Enh312	263	263	167.888	0.638358	0.638358
Enh313	228	228	358.081	1.57053	1.57053
Enh315	215	215	122.198	0.568361	0.568361
Enh316	468	468	324.341	0.693037	0.693037
Enh317	276	276	81.6545	0.29585	0.29585
Enh318	204	204	118.12	0.57902	0.57902
Enh319	540	540	374.165	0.692898	0.692898
Enh320	473	473	517.279	1.09361	1.09361
Enh321	511	511	356.625	0.697895	0.697895
Enh322	291	291	60.2884	0.207177	0.207177
Enh324	281	281	89.1823	0.317375	0.317375
Enh327	504	504	284.534	0.564551	0.564551
Enh328	286	286	122.544	0.428474	0.428474
Enh329	289	289	209.12	0.723598	0.723598
Enh330	556	556	676.165	1.21612	1.21612
Enh331	208	208	98.6617	0.474335	0.474335
Enh332	338	338	277.467	0.82091	0.82091
Enh333	324	324	342.35	1.05664	1.05664
Enh334	713	713	627.624	0.880258	0.880258
Enh335	318	318	136.312	0.428654	0.428654
Enh336	571	571	267.217	0.467981	0.467981
Enh337	458	458	174.385	0.380752	0.380752
Enh338	832	832	1409.84	1.69452	1.69452
Enh339	211	211	127.421	0.603889	0.603889
Enh340	822	822	529.059	0.643624	0.643624
Enh342	287	287	45.2221	0.157568	0.157568
Enh343	349	349	226.698	0.649564	0.649564
Enh344	309	309	113.96	0.368801	0.368801
Enh346	351	351	180.822	0.515161	0.515161
Enh347	316	316	152.666	0.483119	0.483119
Enh348	315	315	178.822	0.567688	0.567688
Enh350	257	257	127.713	0.496938	0.496938
Enh351	332	332	152.207	0.458455	0.458455
Enh352	302	302	123.624	0.40935	0.40935
Enh353	359	359	243.76	0.678997	0.678997
Enh355	293	293	151.801	0.518092	0.518092
Enh356	703	703	910.151	1.29467	1.29467
Enh357	216	216	78.3306	0.362642	0.362642
Enh358	699	699	290.972	0.416269	0.416269
Enh359	691	691	946.968	1.37043	1.37043
Enh360	501	501	297.987	0.594785	0.594785
Enh361	297	297	71.5156	0.240793	0.240793
Enh362	551	551	620.032	1.12529	1.12529
Enh363	636	636	549.263	0.863622	0.863622
Enh365	369	369	142.583	0.386404	0.386404
Enh366	456	456	380.187	0.833743	0.833743
Enh367	561	561	222.754	0.397065	0.397065
Enh368	431	431	108.647	0.252081	0.252081
Enh369	316	316	149.356	0.472646	0.472646
Enh370	718	718	367.081	0.511255	0.511255
Enh372	230	230	66.5492	0.289344	0.289344
Enh374	713	713	458.122	0.642527	0.642527
Enh375	323	323	61.2804	0.189723	0.189723
Enh376	541	541	364.444	0.673648	0.673648
Enh377	351	351	146.395	0.41708	0.41708
Enh378	283	283	191.558	0.676882	0.676882
Enh379	232	232	103.495	0.446098	0.446098
Enh380	285	285	113.839	0.399433	0.399433
Enh381	323	323	133.278	0.412627	0.412627
Enh382	247	247	117.35	0.475101	0.475101
Enh383	231	231	90.0817	0.389964	0.389964
Enh387	475	475	148.005	0.311589	0.311589
Enh388	236	236	81.6824	0.346112	0.346112
Enh389	685	685	285.511	0.416805	0.416805
Enh391	447	447	156.494	0.350099	0.350099
Enh392	248	248	176.357	0.711118	0.711118
Enh393	295	295	94.7142	0.321065	0.321065
Enh394	430	430	1363.2	3.17023	3.17023
Enh395	203	203	39.098	0.192601	0.192601
Enh396	364	364	77.723	0.213525	0.213525
Enh397	241	241	62.6408	0.25992	0.25992
Enh399	309	309	107.434	0.347684	0.347684
Enh401	242	242	93.782	0.387529	0.387529
Enh402	236	236	87.9471	0.372657	0.372657
Enh405	472	472	179.279	0.379828	0.379828
Enh406	452	452	112.902	0.249783	0.249783
Enh407	224	224	69.479	0.310174	0.310174
Enh408	407	407	123.212	0.302732	0.302732
Enh409	404	404	238.259	0.589751	0.589751
Enh410	529	529	159.214	0.300972	0.300972
Enh411	246	246	79.5848	0.323516	0.323516
Enh412	556	556	171.758	0.308918	0.308918
Enh413	259	259	57.952	0.223753	0.223753
Enh414	429	429	398.348	0.928549	0.928549
Enh415	279	279	288.297	1.03332	1.03332
Enh416	442	442	397.94	0.900316	0.900316
Enh419	207	207	60.543	0.292478	0.292478
Enh420	351	351	233.472	0.665162	0.665162
Enh421	603	603	135.159	0.224144	0.224144
Enh422	459	459	365.867	0.797096	0.797096
Enh423	898	898	1502.63	1.67331	1.67331
Enh424	483	483	294.253	0.609219	0.609219
Enh425	240	240	100.781	0.419922	0.419922
Enh426	240	240	89.6379	0.373491	0.373491
Enh427	577	577	273.032	0.473192	0.473192
Enh429	612	612	864.164	1.41203	1.41203
Enh430	799	799	1030.13	1.28927	1.28927
Enh431	411	411	367.348	0.893791	0.893791
Enh433	321	321	224.563	0.699573	0.699573
Enh436	237	237	93.5275	0.394631	0.394631
Enh437	304	304	576.031	1.89484	1.89484
Enh438	780	780	1477.85	1.89468	1.89468
Enh439	262	262	75.7739	0.289213	0.289213
Enh440	375	375	296.617	0.790979	0.790979
Enh441	299	299	90.6344	0.303125	0.303125
Enh443	343	343	222.558	0.648856	0.648856
Enh444	265	265	125.315	0.472887	0.472887
Enh446	291	291	119.026	0.409025	0.409025
Enh447	261	261	116.921	0.447971	0.447971
Enh448	807	807	681.346	0.844295	0.844295
Enh449	242	242	180.563	0.746126	0.746126
Enh450	591	591	406.019	0.687003	0.687003
Enh451	256	256	64.753	0.252941	0.252941
Enh453	276	276	105.285	0.381466	0.381466
Enh454	230	230	70.3235	0.305754	0.305754
Enh456	525	525	716.997	1.36571	1.36571
Enh457	265	265	71.8674	0.271198	0.271198
Enh458	237	237	98.1807	0.414265	0.414265
Enh459	520	520	251.303	0.483276	0.483276
Enh460	664	664	929.548	1.39992	1.39992
Enh462	401	401	165.098	0.411717	0.411717
Enh463	209	209	84.5133	0.40437	0.40437
Enh464	310	310	101.06	0.326	0.326
Enh465	270	270	199.66	0.739481	0.739481
Enh466	286	286	70.7336	0.24732	0.24732
Enh467	223	223	79.2667	0.355456	0.355456
Enh468	453	453	800.693	1.76754	1.76754
Enh469	408	408	562.225	1.378	1.378
Enh470	222	222	115.196	0.518899	0.518899
Enh471	306	306	211.181	0.690134	0.690134
Enh473	299	299	1196.73	4.00244	4.00244
Enh475	565	565	597.557	1.05762	1.05762
Enh476	252	252	87.669	0.347893	0.347893
Enh477	412	412	125.807	0.305356	0.305356
Enh478	570	570	234.663	0.411689	0.411689
Enh479	259	259	42.8017	0.165258	0.165258
Enh480	363	363	228.226	0.628722	0.628722
Enh481	306	306	178.981	0.584904	0.584904
Enh482	494	494	122.294	0.24756	0.24756
Enh483	430	430	2796.64	6.50382	6.50382
Enh485	500	500	250.591	0.501181	0.501181
Enh486	299	299	115.524	0.386367	0.386367
Enh487	856	856	356.39	0.416344	0.416344
Enh488	283	283	25.8494	0.0913406	0.0913406
Enh490	572	572	1049.63	1.83502	1.83502
Enh491	241	241	39.6518	0.16453	0.16453
Enh492	939	939	724.31	0.771363	0.771363
Enh493	300	300	124.839	0.416129	0.416129
Enh494	271	271	65.2461	0.240761	0.240761
Enh495	302	302	101.744	0.3369	0.3369
Enh497	269	269	70.4939	0.262059	0.262059
Enh498	472	472	319.074	0.676004	0.676004
Enh499	509	509	4335.61	8.51791	8.51791
Enh502	265	265	118.907	0.448705	0.448705
Enh503	852	852	1589.85	1.86602	1.86602
Enh504	269	269	108.978	0.405123	0.405123
Enh505	766	766	580.657	0.758037	0.758037
Enh506	595	595	597.715	1.00456	1.00456
Enh507	495	495	176.888	0.357349	0.357349
Enh508	404	404	223.85	0.554083	0.554083
Enh509	212	212	53.144	0.250679	0.250679
Enh511	362	362	165.378	0.456847	0.456847
Enh512	221	221	112.122	0.507337	0.507337
Enh513	285	285	322.681	1.13221	1.13221
Enh515	633	633	217.37	0.343397	0.343397
Enh517	351	351	149.827	0.426859	0.426859
Enh518	228	228	88.5025	0.388169	0.388169
Enh519	262	262	116.409	0.444309	0.444309
Enh520	711	711	1830.08	2.57396	2.57396
Enh521	486	486	214.551	0.441462	0.441462
Enh522	299	299	325.205	1.08764	1.08764
Enh523	583	583	327.268	0.561352	0.561352
Enh524	712	712	868.438	1.21972	1.21972
Enh526	259	259	86.1647	0.332682	0.332682
Enh529	755	755	243.058	0.321932	0.321932
Enh530	223	223	82.6138	0.370465	0.370465
Enh531	285	285	81.8915	0.287339	0.287339
Enh533	841	841	2179.36	2.5914	2.5914
Enh534	506	506	287.428	0.568039	0.568039
Enh535	326	326	139.724	0.428601	0.428601
Enh536	768	768	1912.79	2.49061	2.49061
Enh537	476	476	561.574	1.17978	1.17978
Enh538	427	427	3628.22	8.49699	8.49699
Enh539	208	208	331.524	1.59387	1.59387
Enh541	461	461	1271.83	2.75886	2.75886
Enh542	226	226	40.9808	0.181331	0.181331
Enh543	286	286	146.518	0.5123	0.5123
Enh544	297	297	150.465	0.506616	0.506616
Enh545	307	307	217.189	0.707454	0.707454
Enh546	408	408	579.575	1.42053	1.42053
Enh547	357	357	93.2708	0.261263	0.261263
Enh548	437	437	113.405	0.259508	0.259508
Enh549	395	395	141.241	0.357573	0.357573
Enh550	379	379	163.932	0.432537	0.432537
Enh552	372	372	238.493	0.64111	0.64111
Enh553	341	341	205.568	0.602837	0.602837
Enh554	231	231	65.6439	0.284173	0.284173
Enh556	294	294	221.798	0.754414	0.754414
Enh557	384	384	174.493	0.454409	0.454409
Enh558	262	262	80.0738	0.305625	0.305625
Enh559	245	245	87.9798	0.359101	0.359101
Enh560	647	647	255.783	0.395337	0.395337
Enh561	779	779	821.988	1.05518	1.05518
Enh562	339	339	152.214	0.449009	0.449009
Enh563	243	243	83.9888	0.345633	0.345633
Enh564	503	503	227.598	0.452482	0.452482
Enh565	254	254	101.978	0.401489	0.401489
Enh566	236	236	75.77	0.321059	0.321059
Enh567	236	236	175.079	0.741862	0.741862
Enh568	345	345	54.4166	0.157729	0.157729
Enh569	852	852	279.394	0.327927	0.327927
Enh570	261	261	98.2879	0.376582	0.376582
Enh572	294	294	162.978	0.554347	0.554347
Enh573	579	579	176.067	0.304088	0.304088
Enh574	236	236	72.1079	0.305542	0.305542
Enh575	572	572	701.055	1.22562	1.22562
Enh576	203	203	919.129	4.52773	4.52773
Enh577	675	675	5565.94	8.24584	8.24584
Enh579	734	734	598.565	0.815484	0.815484
Enh580	203	203	60.9084	0.300041	0.300041
Enh581	477	477	154.982	0.324909	0.324909
Enh582	256	256	123.678	0.483116	0.483116
Enh583	562	562	184.306	0.327946	0.327946
Enh585	654	654	3938.2	6.02171	6.02171
Enh586	487	487	152.196	0.312517	0.312517
Enh588	1136	1136	613.951	0.54045	0.54045
Enh589	236	236	80.7475	0.342151	0.342151
Enh591	232	232	83.8032	0.361221	0.361221
Enh592	348	348	97.1234	0.27909	0.27909
Enh593	343	343	270.878	0.789733	0.789733
Enh595	284	284	136.34	0.480071	0.480071
Enh596	220	220	129.29	0.587683	0.587683
Enh597	204	204	65.7487	0.322298	0.322298
Enh600	394	394	132.49	0.336269	0.336269
Enh601	215	215	114.095	0.530673	0.530673
Enh602	316	316	407.906	1.29084	1.29084
Enh603	533	533	335.62	0.629682	0.629682
Enh604	287	287	340.672	1.18701	1.18701
Enh605	246	246	663.283	2.69627	2.69627
Enh606	463	463	205.34	0.443499	0.443499
Enh607	329	329	94.3841	0.286882	0.286882
Enh608	207	207	59.3072	0.286508	0.286508
Enh609	508	508	224.798	0.442516	0.442516
Enh613	362	362	84.9966	0.234797	0.234797
Enh614	295	295	548.243	1.85845	1.85845
Enh615	481	481	388.372	0.807426	0.807426
Enh616	907	907	781.049	0.861134	0.861134
Enh617	407	407	106.353	0.26131	0.26131
Enh618	445	445	330.478	0.742647	0.742647
Enh620	299	299	222.684	0.744764	0.744764
Enh621	383	383	523.616	1.36714	1.36714
Enh623	235	235	69.917	0.297519	0.297519
Enh624	341	341	44.127	0.129405	0.129405
Enh625	495	495	252.897	0.510904	0.510904
Enh626	346	346	257.646	0.74464	0.74464
Enh627	255	255	110.524	0.433427	0.433427
Enh628	304	304	109.248	0.359369	0.359369
Enh629	226	226	52.0489	0.230305	0.230305
Enh630	301	301	64.7587	0.215145	0.215145
Enh631	223	223	62.0393	0.278203	0.278203
Enh632	361	361	89.8024	0.24876	0.24876
Enh634	691	691	3578.84	5.17922	5.17922
Enh635	345	345	134.594	0.390129	0.390129
Enh636	735	735	1360.07	1.85044	1.85044
Enh637	449	449	1773.58	3.95006	3.95006
Enh638	481	481	205.676	0.4276	0.4276
Enh639	404	404	102.454	0.253599	0.253599
Enh640	879	879	3780.61	4.30104	4.30104
Enh641	273	273	147.14	0.538976	0.538976
Enh644	473	473	190.036	0.401767	0.401767
Enh646	407	407	107.238	0.263484	0.263484
Enh647	535	535	284.627	0.532013	0.532013
Enh648	331	331	111.806	0.337784	0.337784
Enh649	577	577	2451.58	4.24883	4.24883
Enh650	394	394	244.214	0.619832	0.619832
Enh651	748	748	785.179	1.0497	1.0497
Enh652	1027	1027	513.928	0.500417	0.500417
Enh653	262	262	133.737	0.510445	0.510445
Enh654	298	298	238.334	0.799777	0.799777
Enh655	483	483	112.774	0.233487	0.233487
Enh657	581	581	616.318	1.06079	1.06079
Enh660	495	495	216.652	0.437682	0.437682
Enh661	463	463	137.827	0.297682	0.297682
Enh663	204	204	61.8889	0.303377	0.303377
Enh664	483	483	162.995	0.337464	0.337464
Enh666	239	239	74.7187	0.312631	0.312631
Enh667	250	250	95.9864	0.383946	0.383946
Enh668	413	413	353.357	0.855586	0.855586
Enh669	294	294	251.366	0.854986	0.854986
Enh671	590	590	436.437	0.739724	0.739724
Enh672	456	456	573.185	1.25698	1.25698
Enh674	267	267	84.1135	0.315032	0.315032
Enh675	234	234	103.837	0.443746	0.443746
Enh676	689	689	439.73	0.638215	0.638215
Enh677	322	322	438.489	1.36177	1.36177
Enh678	293	293	163.024	0.556397	0.556397
Enh680	370	370	106.88	0.288864	0.288864
Enh681	726	726	578.272	0.796518	0.796518
Enh682	447	447	163.324	0.365378	0.365378
Enh683	210	210	71.9812	0.342768	0.342768
Enh685	327	327	203.513	0.622364	0.622364
Enh686	355	355	419.703	1.18226	1.18226
Enh691	365	365	40.0355	0.109686	0.109686
Enh692	276	276	86.985	0.315163	0.315163
Enh693	202	202	70.2449	0.347747	0.347747
Enh695	397	397	213.309	0.537302	0.537302
Enh698	328	328	163.845	0.499528	0.499528
Enh699	481	481	227.243	0.472439	0.472439
Enh700	282	282	94.9856	0.336828	0.336828
Enh702	594	594	187.764	0.316101	0.316101
Enh704	229	229	121.117	0.528895	0.528895
Enh705	568	568	256.965	0.452404	0.452404
Enh706	308	308	135.26	0.439157	0.439157
Enh707	713	713	907.89	1.27334	1.27334
Enh708	298	298	182.754	0.613269	0.613269
Enh709	547	547	191.835	0.350705	0.350705
Enh710	295	295	91.7309	0.310952	0.310952
Enh711	274	274	120.085	0.438265	0.438265
Enh712	240	240	80.4718	0.335299	0.335299
Enh714	395	395	280.76	0.710785	0.710785
Enh717	346	346	514.285	1.48637	1.48637
Enh718	293	293	198.259	0.676651	0.676651
Enh719	449	449	380.97	0.848486	0.848486
Enh720	231	231	98.8007	0.427709	0.427709
Enh721	308	308	49.1924	0.159716	0.159716
Enh722	462	462	190.161	0.411603	0.411603
Enh723	326	326	89.3278	0.274012	0.274012
Enh724	203	203	56.3477	0.277575	0.277575
Enh725	367	367	159.439	0.434438	0.434438
Enh727	355	355	104.17	0.293436	0.293436
Enh728	520	520	471.339	0.90642	0.90642
Enh729	517	517	252.808	0.48899	0.48899
Enh730	209	209	67.7522	0.324173	0.324173
Enh731	277	277	119.541	0.431555	0.431555
Enh732	299	299	47.9464	0.160356	0.160356
Enh733	396	396	219.401	0.554042	0.554042
Enh734	202	202	86.1767	0.426617	0.426617
Enh736	318	318	118.949	0.374053	0.374053
Enh737	278	278	196.311	0.706155	0.706155
Enh738	257	257	81.8005	0.31829	0.31829
Enh739	225	225	60.8813	0.270584	0.270584
Enh741	465	465	280.342	0.602886	0.602886
Enh743	228	228	85.3353	0.374278	0.374278
Enh744	330	330	109.567	0.33202	0.33202
Enh745	468	468	171.974	0.367466	0.367466
Enh746	441	441	967.924	2.19484	2.19484
Enh747	320	320	110	0.343751	0.343751
Enh750	281	281	149.341	0.531463	0.531463
Enh751	316	316	374.034	1.18365	1.18365
Enh754	558	558	1591.34	2.85187	2.85187
Enh755	639	639	538.13	0.842144	0.842144
Enh756	281	281	107.035	0.380908	0.380908
Enh757	307	307	98.7561	0.321681	0.321681
Enh758	468	468	221.331	0.47293	0.47293
Enh759	471	471	102.444	0.217504	0.217504
Enh762	368	368	97.9541	0.26618	0.26618
Enh763	533	533	267.477	0.501833	0.501833
Enh765	318	318	159.743	0.502335	0.502335
Enh766	238	238	57.9678	0.243562	0.243562
Enh767	310	310	82.9604	0.267614	0.267614
Enh769	392	392	81.156	0.207031	0.207031
Enh770	342	342	111.005	0.324576	0.324576
Enh771	442	442	176.214	0.398674	0.398674
Enh772	358	358	183.345	0.512138	0.512138
Enh773	346	346	89.2963	0.258082	0.258082
Enh774	506	506	141.053	0.278761	0.278761
Enh775	247	247	74.4706	0.3015	0.3015
Enh776	358	358	80.6641	0.225319	0.225319
Enh777	651	651	136.7	0.209985	0.209985
Enh778	476	476	430.081	0.903531	0.903531
Enh779	813	813	438.971	0.53994	0.53994
Enh780	434	434	93.8867	0.216329	0.216329
Enh782	613	613	864.596	1.41043	1.41043
Enh785	861	861	1053.47	1.22354	1.22354
Enh789	663	663	4268.89	6.43875	6.43875
Enh792	433	433	183.653	0.42414	0.42414
Enh793	1014	1014	303.839	0.299644	0.299644
Enh794	404	404	167.116	0.413653	0.413653
Enh795	229	229	95.8599	0.418602	0.418602
Enh798	270	270	105.91	0.392259	0.392259
Enh799	350	350	94.0369	0.268677	0.268677
Enh800	229	229	66.0573	0.28846	0.28846
Enh801	756	756	243.643	0.32228	0.32228
Enh802	306	306	109.819	0.358885	0.358885
Enh805	522	522	58.9706	0.11297	0.11297
Enh807	648	648	750.005	1.15742	1.15742
Enh809	234	234	100.12	0.427862	0.427862
Enh810	348	348	267.365	0.768291	0.768291
Enh811	303	303	58.4176	0.192797	0.192797
Enh812	516	516	190.552	0.369287	0.369287
Enh813	270	270	90.3324	0.334564	0.334564
Enh814	915	915	1367.67	1.49472	1.49472
Enh817	236	236	107.301	0.454667	0.454667
Enh818	211	211	72.7538	0.344805	0.344805
Enh819	481	481	298.114	0.619779	0.619779
Enh821	713	713	405.757	0.569085	0.569085
Enh822	531	531	265.74	0.500452	0.500452
Enh823	368	368	69.0489	0.187633	0.187633
Enh824	424	424	120.558	0.284334	0.284334
Enh826	326	326	104.501	0.320554	0.320554
Enh829	392	392	104.467	0.266496	0.266496
Enh831	654	654	417.394	0.638217	0.638217
Enh832	227	227	90.8215	0.400095	0.400095
Enh833	325	325	111.479	0.343012	0.343012
Enh834	592	592	266.05	0.449409	0.449409
Enh835	289	289	79.895	0.276453	0.276453
Enh836	280	280	68.5723	0.244901	0.244901
Enh837	545	545	238.473	0.437565	0.437565
Enh838	1135	1135	1164.45	1.02595	1.02595
Enh842	598	598	1667.93	2.78919	2.78919
Enh845	577	577	294.098	0.509701	0.509701
Enh846	258	258	88.976	0.344868	0.344868
Enh847	232	232	79.3601	0.34207	0.34207
Enh848	460	460	270.855	0.588815	0.588815
Enh849	400	400	219.337	0.548343	0.548343
Enh851	500	500	179.734	0.359468	0.359468
Enh852	761	761	716.276	0.94123	0.94123
Enh853	411	411	152.346	0.370673	0.370673
Enh854	386	386	178.263	0.461822	0.461822
Enh855	239	239	90.9047	0.380354	0.380354
Enh856	295	295	190.265	0.644967	0.644967
Enh858	230	230	138.915	0.603977	0.603977
Enh860	251	251	66.5751	0.265239	0.265239
Enh861	378	378	1886.85	4.99165	4.99165
Enh862	289	289	497.988	1.72314	1.72314
Enh863	391	391	150.666	0.385334	0.385334
Enh864	741	741	926.866	1.25083	1.25083
Enh866	584	584	278.007	0.476039	0.476039
Enh867	310	310	462.882	1.49317	1.49317
Enh869	448	448	57.1793	0.127632	0.127632
Enh870	408	408	123.325	0.302266	0.302266
Enh871	347	347	124.983	0.360181	0.360181
Enh872	254	254	54.7494	0.215549	0.215549
Enh874	320	320	97.3505	0.30422	0.30422
Enh875	674	674	228.874	0.339576	0.339576
Enh876	655	655	742.676	1.13386	1.13386
Enh877	1131	1131	401.362	0.354873	0.354873
Enh878	459	459	209.946	0.4574	0.4574
Enh879	387	387	190.021	0.491011	0.491011
Enh880	277	277	89.8222	0.324268	0.324268
Enh882	507	507	215.747	0.425536	0.425536
Enh884	329	329	111.136	0.3378	0.3378
Enh886	227	227	93.3987	0.411448	0.411448
Enh887	240	240	75.2753	0.313647	0.313647
Enh888	205	205	76.5166	0.373252	0.373252
Enh889	442	442	205.388	0.464679	0.464679
Enh890	253	253	184.341	0.72862	0.72862
Enh892	283	283	97.8457	0.345745	0.345745
Enh893	208	208	71.0302	0.341491	0.341491
Enh894	407	407	174.384	0.428461	0.428461
Enh895	423	423	263.444	0.622799	0.622799
Enh896	455	455	225.412	0.495411	0.495411
Enh897	211	211	69.7272	0.33046	0.33046
Enh898	550	550	246.6	0.448363	0.448363
Enh899	262	262	160.124	0.611162	0.611162
Enh900	622	622	499.05	0.802331	0.802331
Enh901	210	210	64.5843	0.307544	0.307544
Enh903	556	556	578.004	1.03957	1.03957
Enh906	246	246	85.5634	0.347819	0.347819
Enh907	450	450	185.208	0.411573	0.411573
Enh908	210	210	75.6928	0.360442	0.360442
Enh909	276	276	105.02	0.380507	0.380507
Enh910	217	217	73.3802	0.338157	0.338157
Enh911	284	284	232.992	0.820394	0.820394
Enh912	324	324	506.988	1.56478	1.56478
Enh913	651	651	1694.16	2.6024	2.6024
Enh916	426	426	114.701	0.269252	0.269252
Enh917	501	501	195.219	0.389659	0.389659
Enh919	505	505	154.445	0.305832	0.305832
Enh920	229	229	51.0231	0.222808	0.222808
Enh922	289	289	99.7301	0.345087	0.345087
Enh923	495	495	179.466	0.362557	0.362557
Enh924	315	315	194.372	0.617055	0.617055
Enh925	322	322	72.6871	0.225736	0.225736
Enh926	499	499	354.122	0.709663	0.709663
Enh927	357	357	1282.41	3.59217	3.59217
Enh929	358	358	828.786	2.31504	2.31504
Enh932	314	314	171.436	0.545974	0.545974
Enh933	347	347	131.073	0.377733	0.377733
Enh936	521	521	272.907	0.523813	0.523813
Enh937	726	726	567.356	0.781482	0.781482
Enh938	269	269	66.4266	0.246939	0.246939
Enh939	267	267	119.155	0.446274	0.446274
Enh940	386	386	123.45	0.31982	0.31982
Enh941	351	351	109.641	0.312368	0.312368
Enh942	340	340	199.897	0.587932	0.587932
Enh944	234	234	83.8916	0.358511	0.358511
Enh945	204	204	75.2068	0.368661	0.368661
Enh946	271	271	215.952	0.79687	0.79687
Enh947	524	524	178.673	0.340979	0.340979
Enh948	210	210	78.9905	0.376145	0.376145
Enh949	262	262	87.554	0.334175	0.334175
Enh951	535	535	3761.27	7.03041	7.03041
Enh952	534	534	219.852	0.411708	0.411708
Enh954	298	298	99.8878	0.335194	0.335194
Enh955	491	491	208.055	0.423737	0.423737
Enh956	431	431	919.505	2.13342	2.13342
Enh957	441	441	609.988	1.38319	1.38319
Enh958	652	652	4000.42	6.13561	6.13561
Enh959	247	247	2384.72	9.65472	9.65472
Enh960	243	243	96.524	0.397218	0.397218
Enh963	239	239	190.002	0.794986	0.794986
Enh965	581	581	222.838	0.383542	0.383542
Enh966	339	339	80.5074	0.237485	0.237485
Enh968	453	453	244.199	0.539071	0.539071
Enh969	237	237	69.834	0.294658	0.294658
Enh971	378	378	341.442	0.903284	0.903284
Enh972	256	256	78.6589	0.307261	0.307261
Enh973	222	222	74.5525	0.335822	0.335822
Enh974	266	266	83.5063	0.313934	0.313934
Enh975	247	247	103.509	0.419065	0.419065
Enh977	388	388	200.745	0.517385	0.517385
Enh978	235	235	45.7878	0.194842	0.194842
Enh979	717	717	579.285	0.807929	0.807929
Enh147	126	126	30.5695	0.242615	0.242615
Enh151	147	147	63.0579	0.428965	0.428965
Enh152	170	170	203.788	1.19875	1.19875
Enh156	154	154	116.042	0.753518	0.753518
Enh158	161	161	63.3437	0.393439	0.393439
Enh159	153	153	29.2995	0.1915	0.1915
Enh165	196	196	55.7034	0.284201	0.284201
Enh173	164	164	42.8823	0.261477	0.261477
Enh174	100	100	23.5789	0.235789	0.235789
Enh175	189	189	46.0451	0.243625	0.243625
Enh108	180	180	73.6053	0.408918	0.408918
Enh111	104	104	44.7351	0.430146	0.430146
Enh112	194	194	56.2506	0.289951	0.289951
Enh120	140	140	43.4343	0.310245	0.310245
Enh199	147	147	79.6626	0.541923	0.541923
Enh215	111	111	34.4458	0.310322	0.310322
Enh218	197	197	165.05	0.837815	0.837815
Enh224	114	114	89.4553	0.784696	0.784696
Enh228	119	119	65.7587	0.552594	0.552594
Enh231	129	129	161.734	1.25375	1.25375
Enh234	188	188	76.7367	0.408174	0.408174
Enh238	140	140	105.509	0.753636	0.753636
Enh242	152	152	81.1803	0.534081	0.534081
Enh243	146	146	117.503	0.804817	0.804817
Enh246	186	186	61.9413	0.333018	0.333018
Enh179	187	187	91.9828	0.491887	0.491887
Enh184	178	178	46.8109	0.262982	0.262982
Enh186	152	152	36.5157	0.240235	0.240235
Enh193	136	136	29.0657	0.213718	0.213718
Enh281	193	193	61.7337	0.319864	0.319864
Enh284	198	198	41.2789	0.208479	0.208479
Enh260	87	87	26.9552	0.30983	0.30983
Enh261	151	151	48.7988	0.323171	0.323171
Enh262	111	111	36.8436	0.331924	0.331924
Enh263	181	181	88.8596	0.490937	0.490937
Enh264	105	105	55.5352	0.528906	0.528906
Enh265	129	129	46.7163	0.362142	0.362142
Enh269	179	179	86.5791	0.483682	0.483682
Enh277	175	175	45.3148	0.258942	0.258942
Enh289	140	140	46.8751	0.334822	0.334822
Enh73	176	176	39.1858	0.222647	0.222647
Enh105	112	112	24.4297	0.218122	0.218122
Enh106	147	147	45.4257	0.309018	0.309018
Enh35	123	123	60.598	0.492667	0.492667
Enh44	199	199	101.474	0.509919	0.509919
Enh62	191	191	233.034	1.22007	1.22007
Enh74	133	133	60.8929	0.457841	0.457841
Enh77	178	178	54.9636	0.308784	0.308784
Enh80	200	200	67.7054	0.338527	0.338527
Enh88	191	191	175.061	0.916552	0.916552
Enh94	169	169	31.7003	0.187576	0.187576
Enh97	191	191	152.514	0.798503	0.798503
Enh3	170	170	49.2796	0.28988	0.28988
Enh4	123	123	44.7462	0.36379	0.36379
Enh11	190	190	51.2538	0.269757	0.269757
Enh12	190	190	26.6998	0.140525	0.140525
Enh14	150	150	67.4675	0.449783	0.449783
Enh16	168	168	259.859	1.54678	1.54678
Enh19	160	160	41.7778	0.261111	0.261111
Enh20	178	178	44.9833	0.252715	0.252715
Enh21	185	185	24.0462	0.12998	0.12998
Enh22	200	200	10.66	0.0532999	0.0532999
Enh26	192	192	37.1817	0.193655	0.193655
Enh30	176	176	93.8339	0.533147	0.533147
Enh38	174	174	96.8607	0.556671	0.556671
Enh41	139	139	46.739	0.336252	0.336252
Enh57	156	156	21.3468	0.136839	0.136839
Enh145	151	151	45.0165	0.298123	0.298123
Enh129	161	161	44.2733	0.274989	0.274989
Enh132	137	137	67.6984	0.494149	0.494149
Enh133	147	147	90.9315	0.618582	0.618582
Enh135	98	98	81.4427	0.831048	0.831048
Enh137	117	117	41.3288	0.353238	0.353238
Enh138	157	157	39.2148	0.249776	0.249776
Enh140	186	186	40.2938	0.216633	0.216633
Enh141	147	147	40.0919	0.272734	0.272734
Enh290	167	167	70.3252	0.421109	0.421109
Enh305	194	194	142.083	0.732387	0.732387
Enh307	153	153	98.2079	0.641881	0.641881
Enh314	185	185	117.057	0.632742	0.632742
Enh285	190	190	69.5824	0.366223	0.366223
Enh325	189	189	45.6735	0.241659	0.241659
Enh341	109	109	25.5537	0.234438	0.234438
Enh345	159	159	70.0125	0.44033	0.44033
Enh323	186	186	79.631	0.428124	0.428124
Enh364	181	181	79.051	0.436746	0.436746
Enh371	191	191	63.1278	0.330512	0.330512
Enh373	164	164	58.0167	0.35376	0.35376
Enh384	160	160	56.4676	0.352922	0.352922
Enh385	177	177	60.5348	0.342004	0.342004
Enh386	197	197	96.699	0.490858	0.490858
Enh390	165	165	68.1617	0.413101	0.413101
Enh349	192	192	88.2971	0.459881	0.459881
Enh354	119	119	95.6946	0.804156	0.804156
Enh417	147	147	61.2157	0.416434	0.416434
Enh398	197	197	32.0297	0.162587	0.162587
Enh400	149	149	38.0577	0.255421	0.255421
Enh403	195	195	76.524	0.392431	0.392431
Enh404	176	176	25.5869	0.14538	0.14538
Enh418	174	174	54.3583	0.312404	0.312404
Enh428	96	96	11.8213	0.123139	0.123139
Enh432	188	188	270.576	1.43923	1.43923
Enh434	156	156	39.689	0.254417	0.254417
Enh435	191	191	42.4946	0.222485	0.222485
Enh442	199	199	63.7765	0.320485	0.320485
Enh445	164	164	63.7195	0.388534	0.388534
Enh452	199	199	68.4861	0.344151	0.344151
Enh455	184	184	58.4135	0.317465	0.317465
Enh461	168	168	44.3068	0.263731	0.263731
Enh500	145	145	44.7222	0.308429	0.308429
Enh501	195	195	41.545	0.213051	0.213051
Enh472	91	91	220.755	2.42588	2.42588
Enh474	118	118	107.308	0.909387	0.909387
Enh484	178	178	221.616	1.24503	1.24503
Enh489	182	182	188.378	1.03504	1.03504
Enh496	157	157	3.54327	0.0225686	0.0225686
Enh551	131	131	47.1429	0.35987	0.35987
Enh555	174	174	99.2643	0.570485	0.570485
Enh571	107	107	44.3623	0.414601	0.414601
Enh578	146	146	37.181	0.254664	0.254664
Enh584	104	104	35.4813	0.341166	0.341166
Enh587	142	142	40.9469	0.288359	0.288359
Enh510	191	191	69.6722	0.364776	0.364776
Enh514	150	150	104.156	0.694376	0.694376
Enh516	173	173	44.0389	0.25456	0.25456
Enh525	198	198	50.2018	0.253544	0.253544
Enh532	160	160	6.69998	0.0418749	0.0418749
Enh540	180	180	26.6963	0.148313	0.148313
Enh590	160	160	60.3085	0.376928	0.376928
Enh594	170	170	105.963	0.623313	0.623313
Enh598	185	185	62.3923	0.337256	0.337256
Enh599	195	195	60.6104	0.310823	0.310823
Enh610	199	199	89.8462	0.451489	0.451489
Enh611	166	166	56.2902	0.339097	0.339097
Enh612	170	170	66.4768	0.39104	0.39104
Enh619	184	184	69.0322	0.375175	0.375175
Enh622	120	120	47.4275	0.395229	0.395229
Enh633	151	151	27.3461	0.1811	0.1811
Enh642	146	146	21.4968	0.147239	0.147239
Enh643	95	95	58.4175	0.614921	0.614921
Enh645	192	192	68.6739	0.357676	0.357676
Enh665	127	127	61.0415	0.480642	0.480642
Enh673	156	156	47.5278	0.304666	0.304666
Enh701	170	170	46.9888	0.276405	0.276405
Enh703	141	141	52.1197	0.369643	0.369643
Enh656	153	153	48.4327	0.316553	0.316553
Enh658	147	147	134.004	0.911595	0.911595
Enh659	129	129	80.9675	0.627655	0.627655
Enh662	161	161	79.7879	0.495577	0.495577
Enh670	196	196	58.2173	0.297027	0.297027
Enh684	161	161	42.4005	0.263357	0.263357
Enh694	148	148	56.7745	0.383611	0.383611
Enh696	176	176	33.9534	0.192917	0.192917
Enh697	195	195	45.6284	0.233992	0.233992
Enh735	194	194	63.123	0.325376	0.325376
Enh740	195	195	109.722	0.562677	0.562677
Enh715	193	193	50.2982	0.260612	0.260612
Enh726	117	117	23.7886	0.203322	0.203322
Enh716	161	161	107.742	0.669207	0.669207
Enh760	187	187	76.5573	0.409397	0.409397
Enh764	181	181	76.257	0.42131	0.42131
Enh768	186	186	56.1311	0.30178	0.30178
Enh742	166	166	31.9047	0.192197	0.192197
Enh748	191	191	82.1935	0.430332	0.430332
Enh749	150	150	66.2584	0.441723	0.441723
Enh752	196	196	94.2168	0.480698	0.480698
Enh753	180	180	36.4544	0.202525	0.202525
Enh803	150	150	68.3037	0.455358	0.455358
Enh804	198	198	-2.97165	-0.0150083	-0.0150083
Enh806	112	112	22.2502	0.198662	0.198662
Enh808	107	107	138.315	1.29266	1.29266
Enh815	153	153	534.549	3.49378	3.49378
Enh816	136	136	360.089	2.64771	2.64771
Enh820	188	188	73.1426	0.389056	0.389056
Enh825	192	192	55.1986	0.287493	0.287493
Enh827	195	195	67.6032	0.346683	0.346683
Enh828	179	179	68.2696	0.381394	0.381394
Enh781	187	187	38.5202	0.20599	0.20599
Enh783	186	186	58.3254	0.313577	0.313577
Enh786	181	181	64.0785	0.354025	0.354025
Enh787	140	140	78.7478	0.562484	0.562484
Enh788	113	113	141.967	1.25635	1.25635
Enh790	133	133	164.813	1.2392	1.2392
Enh791	152	152	70.2287	0.462031	0.462031
Enh857	134	134	31.4246	0.234512	0.234512
Enh859	161	161	51.2713	0.318455	0.318455
Enh865	171	171	79.8556	0.466992	0.466992
Enh830	156	156	125.409	0.803906	0.803906
Enh841	193	193	504.814	2.61561	2.61561
Enh843	155	155	61.5738	0.39725	0.39725
Enh844	169	169	64.4518	0.381371	0.381371
Enh850	159	159	63.9228	0.40203	0.40203
Enh902	155	155	74.0613	0.477815	0.477815
Enh904	183	183	116.847	0.638506	0.638506
Enh905	161	161	52.3922	0.325418	0.325418
Enh868	94	94	106.472	1.13268	1.13268
Enh873	172	172	61.4115	0.357044	0.357044
Enh881	165	165	60.2419	0.365102	0.365102
Enh883	184	184	72.2041	0.392414	0.392414
Enh885	156	156	45.8889	0.29416	0.29416
Enh961	185	185	217.473	1.17553	1.17553
Enh962	184	184	53.5377	0.290966	0.290966
Enh964	167	167	78.1558	0.467999	0.467999
Enh967	171	171	32.258	0.188643	0.188643
Enh970	153	153	70.9324	0.46361	0.46361
Enh914	138	138	65.7347	0.476339	0.476339
Enh915	196	196	159.022	0.811337	0.811337
Enh928	90	90	33.0932	0.367702	0.367702
Enh930	145	145	329.006	2.26901	2.26901
Enh931	175	175	206.693	1.1811	1.1811
Enh934	118	118	90.0885	0.763462	0.763462
Enh935	121	121	21.4334	0.177136	0.177136
Enh943	162	162	39.0202	0.240866	0.240866
Enh950	147	147	27.6523	0.188111	0.188111
Enh976	175	175	59.8744	0.342139	0.342139
